Sardinia/Input files/Baratz/brz_asp5k.txt
ncols         493
nrows         490
xllcorner     4164107.4317416
yllcorner     1949299.3883036
cellsize      25
NODATA_value  -9999
[rows 304 to 341 of 490, columns 340 to 424 of 493]
169 215 230 229 220 210 207 211 217 228 239 245 247 245 241 237 234 228 219 214 215 215 216 220 226 234 240 244 247 249 247 241 235 234 230 223 215 208 197 190 188 190 193 189 175 157 144 135 122 94 64 52 52 53 51 48 48 51 56 63 69 76 82 86 90 96 113 147 171 172 164 167 195 217 223 222 215 203 190 182 180 176 168 162 154
158 225 242 243 231 212 205 212 220 227 235 240 241 239 237 236 236 231 224 223 227 232 233 231 234 240 243 244 245 243 237 229 225 226 221 212 206 202 195 188 187 190 194 191 181 168 160 158 157 148 102 63 56 56 55 54 55 59 64 69 72 75 78 79 81 86 101 131 159 165 159 162 193 215 218 216 210 200 189 181 179 175 170 168 165
150 249 260 260 245 208 196 210 220 225 229 231 232 233 234 235 236 233 231 234 241 245 243 238 239 242 242 242 241 236 227 220 220 220 215 205 201 199 195 190 187 187 191 190 183 176 172 174 180 183 176 131 80 72 69 69 71 75 79 81 81 80 79 78 79 84 95 117 146 155 154 158 184 208 212 211 208 201 190 182 178 174 170 170 169
170 263 268 265 245 187 181 203 218 223 224 226 231 234 235 236 237 237 238 243 250 251 244 233 233 236 238 239 236 229 221 216 216 216 211 203 198 198 196 192 186 183 186 187 185 182 181 185 192 195 194 181 134 102 92 89 89 90 92 92 90 87 85 83 83 86 92 104 127 139 143 147 168 199 208 210 210 205 194 184 177 174 169 169 169
220 265 267 261 229 164 169 196 212 217 217 222 231 234 234 235 237 239 240 244 248 246 234 223 225 229 231 232 229 222 216 213 213 212 208 203 199 198 197 193 183 177 180 184 185 185 187 192 198 201 201 190 161 130 116 108 103 100 99 98 96 94 92 90 90 91 92 96 106 117 125 130 142 185 210 216 217 211 199 187 178 171 165 165 166
252 265 263 254 211 150 161 189 195 204 210 219 231 236 236 236 235 234 234 236 237 233 223 215 218 223 224 224 221 215 210 209 209 209 207 206 204 201 196 188 179 174 176 181 183 186 190 195 201 204 201 190 169 147 134 125 116 110 104 100 97 96 95 96 97 97 96 96 98 104 112 118 120 156 227 234 230 222 209 197 180 163 153 154 157
259 262 258 246 203 148 154 174 167 183 204 221 237 243 242 237 232 229 228 228 228 224 215 210 213 218 220 218 214 208 205 206 206 206 207 207 206 201 193 183 175 173 174 177 180 184 190 197 203 204 199 189 172 155 144 137 129 120 112 106 102 101 101 103 105 105 105 104 104 106 111 112 105 99 250 244 236 225 215 206 180 153 146 146 148
257 256 251 237 200 159 154 157 151 168 204 232 247 250 245 236 231 228 227 228 226 220 212 208 212 217 217 212 206 202 202 204 204 205 207 207 205 200 191 180 174 173 174 174 176 182 190 199 204 203 197 188 176 161 150 144 139 131 123 116 112 110 110 111 111 112 112 112 114 116 119 119 115 126 199 216 216 210 206 200 174 151 147 147 146
256 248 239 222 195 172 159 150 147 167 216 247 255 253 246 239 234 231 230 230 226 218 212 211 216 219 215 205 199 198 200 203 204 204 205 205 202 197 190 182 176 174 173 171 174 182 191 200 204 201 195 188 178 166 156 151 147 141 133 126 120 116 115 115 115 116 118 118 117 122 130 136 141 148 164 185 196 197 197 191 169 150 148 149 148
106 224 217 204 188 177 163 150 148 175 229 252 258 255 248 242 237 233 232 231 223 217 217 220 223 220 209 199 195 195 198 201 201 200 200 201 201 197 193 187 179 173 170 169 173 183 192 200 202 198 193 186 178 169 162 158 156 149 139 130 123 119 116 114 115 119 126 128 125 129 141 151 155 155 155 162 177 187 188 180 164 150 147 149 150
103 176 191 187 183 178 166 153 153 183 226 247 256 257 252 244 239 236 234 225 216 217 224 230 227 215 203 196 193 193 194 194 194 194 195 199 201 200 197 192 182 172 168 168 174 184 192 198 199 195 188 181 176 172 168 166 165 158 142 130 123 119 116 114 115 121 132 136 136 142 152 159 162 164 158 151 157 172 175 168 158 150 146 147 152
110 148 169 175 179 178 168 155 157 184 221 240 249 252 249 242 237 233 226 211 206 216 227 230 223 208 200 197 193 190 188 186 187 189 193 198 203 203 200 194 183 172 168 170 176 182 187 192 194 190 183 176 174 174 174 175 176 168 150 133 125 122 120 118 118 125 136 140 144 154 163 163 166 170 165 152 146 155 160 156 152 148 144 145 152
127 146 163 175 179 178 166 153 154 182 218 235 241 242 238 232 227 221 207 191 196 213 224 224 215 205 203 203 196 185 178 177 180 186 192 199 204 205 201 195 185 176 172 173 176 178 181 187 190 187 180 175 175 177 179 183 182 173 158 141 130 125 122 120 121 130 140 144 150 162 171 169 168 170 167 155 143 142 146 146 145 144 140 142 149
137 146 162 180 184 181 163 146 147 178 217 232 236 235 229 220 213 205 190 178 188 208 219 218 211 208 211 210 199 179 165 167 176 185 191 197 202 203 200 195 188 181 178 176 175 175 177 183 188 187 182 179 180 183 183 183 179 171 160 146 135 127 122 119 119 127 139 146 154 167 177 177 172 168 165 156 143 136 135 136 138 139 135 135 141
141 150 161 179 187 185 167 144 141 170 213 227 229 226 218 208 200 192 179 171 183 206 216 217 215 215 217 212 197 177 162 161 174 182 184 190 196 200 199 195 190 187 183 179 175 174 177 184 190 191 188 188 190 188 182 176 171 166 159 149 138 130 123 118 116 121 132 144 156 169 180 181 176 169 162 157 147 136 132 130 131 132 127 122 123
140 162 174 175 179 184 175 151 143 165 202 216 219 216 209 201 193 186 175 168 180 205 217 220 222 222 220 209 193 180 170 167 175 177 174 179 188 194 197 195 192 191 188 183 178 176 180 188 196 198 197 196 195 188 176 167 162 160 156 149 140 133 125 120 118 120 128 142 154 166 177 179 177 169 163 161 154 143 137 133 131 129 116 104 102
128 163 185 182 171 178 174 155 150 163 186 199 206 207 204 198 191 185 177 170 179 203 216 223 226 224 217 205 192 185 180 178 179 173 167 170 177 187 195 196 194 195 194 190 186 183 187 197 203 203 200 197 193 184 171 161 157 154 151 146 138 131 124 119 118 121 130 147 156 162 170 172 171 168 164 163 159 150 144 140 140 139 119 100 95
108 141 181 185 176 173 166 157 155 162 174 185 197 204 203 197 191 187 186 183 183 199 218 228 230 223 210 199 194 191 189 187 183 173 166 166 168 178 192 197 197 199 201 202 201 196 196 202 202 197 194 193 189 180 169 160 154 151 146 139 129 123 117 113 112 115 127 149 158 160 165 165 165 164 162 162 160 154 149 148 155 164 146 114 103
95 110 155 177 176 169 162 156 152 155 164 178 195 208 208 199 191 190 195 199 198 202 225 237 233 219 203 195 196 198 195 192 187 177 170 168 163 168 189 199 201 205 213 218 216 208 200 198 193 186 186 188 185 178 171 163 157 151 142 129 117 112 111 110 109 112 122 145 157 158 162 160 158 159 158 158 158 154 151 155 167 181 168 133 116
85 86 99 137 160 151 145 143 140 142 148 171 204 223 224 207 189 191 203 209 209 207 219 232 227 211 195 191 197 200 198 193 188 182 179 179 172 167 197 213 212 221 232 234 225 212 201 192 183 176 178 182 181 178 175 171 166 158 140 118 107 105 110 114 114 115 122 141 155 158 161 157 152 150 149 151 153 151 151 158 175 189 180 147 127
74 63 51 43 41 62 84 103 115 120 122 150 241 251 247 220 180 188 210 217 214 205 205 213 210 199 191 190 196 201 200 193 188 185 187 192 194 195 210 216 216 229 235 230 219 208 199 189 175 164 168 175 178 180 183 185 182 174 143 114 110 111 114 118 118 118 123 136 151 159 163 159 151 145 142 144 147 148 150 159 180 196 187 155 133
67 48 32 26 26 37 58 75 87 95 95 30 287 274 264 231 160 177 211 218 211 199 193 197 196 192 192 197 201 204 200 192 187 187 192 200 203 203 198 194 196 207 215 213 208 202 196 189 173 159 159 168 177 186 197 203 204 197 153 126 126 127 127 128 127 125 124 132 146 159 165 163 155 148 142 139 141 142 146 156 184 204 193 158 133
73 49 27 25 30 40 55 66 71 71 65 14 273 263 254 224 138 153 201 209 201 191 186 188 188 191 199 207 207 204 198 191 187 188 195 202 205 203 196 192 192 196 201 203 203 201 196 187 175 163 158 163 176 193 203 206 202 190 162 141 135 135 135 136 137 134 130 132 144 159 166 165 159 152 142 135 134 136 139 145 194 215 196 162 129
104 107 56 39 44 49 56 62 61 52 40 31 285 236 229 224 143 97 173 202 194 187 183 183 185 193 205 212 210 204 199 193 188 188 194 201 203 202 199 195 192 192 196 200 202 200 194 185 176 170 164 166 178 191 198 198 193 181 164 147 140 138 138 141 144 143 136 135 144 160 169 168 163 156 143 133 130 136 148 12 4 184 182 179 187
130 163 191 180 79 53 51 52 47 34 24 20 15 10 223 227 225 43 32 24 165 180 182 181 188 206 221 224 218 210 205 198 192 189 192 196 200 203 204 200 194 192 194 198 199 196 190 183 176 170 167 171 180 188 193 193 188 179 164 150 144 142 142 145 151 151 142 137 143 159 171 172 169 160 144 130 128 146 225 284 58 113 156 208 262
134 172 201 208 205 34 38 39 33 22 12 11 14 25 33 246 233 222 41 12 11 9 2 1 357 340 304 270 246 227 216 209 205 203 195 186 193 207 212 207 197 191 191 193 192 187 183 180 175 168 166 172 180 187 190 191 187 180 166 154 147 145 143 147 156 157 146 137 138 154 173 176 173 160 135 120 120 159 237 234 136 125 153 222 258
118 170 212 222 233 269 13 31 27 16 6 4 13 26 31 19 344 187 199 245 343 3 1 1 1 356 341 312 267 233 218 215 219 222 201 158 172 208 220 214 198 189 186 184 180 177 176 175 173 168 166 172 179 183 187 189 188 182 170 158 151 146 144 148 158 161 149 136 130 140 170 179 173 143 113 104 106 155 229 206 147 133 158 229 255
93 138 223 231 236 242 237 79 54 19 358 357 12 28 28 24 33 61 204 232 233 268 334 356 7 9 10 40 191 194 198 206 217 220 196 153 156 196 217 212 197 185 178 170 164 164 167 170 170 169 169 172 172 174 180 186 188 184 174 163 153 145 142 149 160 165 156 143 134 140 170 175 164 138 114 104 105 143 211 188 144 132 163 240 257
78 84 225 229 232 229 202 165 164 182 204 216 198 48 33 33 39 37 20 328 198 208 236 289 13 42 86 133 159 176 187 199 211 213 190 157 156 182 204 205 194 182 171 159 151 151 157 163 167 170 173 169 162 162 171 181 188 188 180 168 155 143 138 146 160 168 168 167 166 172 176 169 164 156 143 131 129 154 196 177 132 116 158 262 263
78 80 162 217 227 222 192 164 166 186 204 207 196 181 166 55 36 28 22 31 63 202 226 230 209 98 109 127 147 168 184 196 207 206 184 158 157 176 195 200 194 183 168 153 144 143 150 156 161 166 167 158 152 154 164 176 187 191 185 173 155 139 132 136 151 166 178 187 188 183 175 164 159 159 158 156 157 174 201 189 103 64 355 292 272
87 91 124 196 221 214 185 160 164 192 216 218 200 185 194 225 343 11 23 36 44 45 230 223 202 158 131 123 133 158 180 196 206 203 178 153 153 173 194 200 196 185 169 152 142 142 150 158 158 155 151 144 142 149 164 177 187 191 186 175 157 136 120 116 130 155 183 200 199 187 171 156 151 155 163 172 181 198 222 246 351 7 351 323 286
96 102 122 172 209 203 181 162 168 210 237 236 205 181 202 237 264 309 12 35 42 41 28 238 189 178 158 123 115 132 169 195 207 199 170 145 145 169 196 201 195 185 173 157 144 144 155 166 162 150 137 126 126 140 165 184 191 191 187 178 160 127 95 90 99 122 184 214 209 187 165 146 139 146 164 186 206 227 250 276 314 339 349 351 353
102 109 126 151 183 187 181 176 191 242 258 254 200 164 202 241 258 274 319 25 43 44 40 47 106 179 181 132 100 89 106 176 199 189 161 139 138 165 197 200 191 184 178 165 151 148 159 171 166 150 124 107 109 126 163 192 203 205 206 207 239 27 45 59 66 62 22 271 222 177 153 134 125 129 159 221 250 266 278 291 307 324 347 20 64
105 112 129 133 150 168 182 197 224 253 262 254 167 146 196 240 253 259 271 353 60 66 66 64 60 53 170 137 99 71 69 98 158 166 149 134 133 159 196 196 184 180 180 173 160 155 163 175 176 163 108 92 98 114 157 204 228 247 277 310 331 349 16 40 46 38 20 9 49 137 138 125 111 102 53 289 290 294 298 301 307 318 349 43 -9999
106 111 124 115 122 144 184 217 235 247 250 233 154 140 187 232 239 235 233 217 106 97 95 85 68 52 46 65 73 72 79 94 118 133 131 123 121 145 191 189 176 174 177 176 169 164 170 180 191 206 113 86 91 102 142 224 251 268 289 307 320 335 4 33 41 35 31 40 68 106 122 118 102 73 342 307 302 303 303 304 306 314 355 59 -9999
103 104 108 100 102 116 178 227 236 238 237 215 153 140 177 217 219 213 214 207 143 109 103 97 86 74 59 45 54 85 103 106 103 97 94 87 79 70 96 167 157 157 166 173 174 172 176 185 202 223 196 92 88 90 102 258 266 271 277 284 291 303 348 41 49 48 52 65 80 95 105 104 88 43 325 302 296 294 293 294 294 301 7 -9999 -9999
97 95 96 95 95 101 152 225 230 231 229 207 155 140 167 200 202 201 210 210 170 119 105 97 93 90 78 56 64 80 91 95 89 74 61 50 40 29 25 39 82 118 144 165 176 178 180 188 207 225 210 103 87 81 58 296 279 271 262 254 247 239 210 119 90 81 81 84 86 86 81 74 62 24 304 281 273 268 267 268 268 267 118 -9999 -9999
90 87 100 104 102 106 140 205 219 224 223 203 158 140 158 187 193 200 216 220 189 133 114 104 98 95 90 70 68 70 68 66 63 62 51 36 28 25 27 37 57 81 106 143 172 180 182 190 212 229 218 115 86 72 37 323 294 274 250 230 219 209 191 165 139 117 103 96 89 76 60 51 49 39 279 254 246 243 243 244 243 234 -9999 -9999 -9999
