Sardinia/Input files/Baratz/brz_elev5k.txt
ncols         493
nrows         490
xllcorner     4164107.4317416
yllcorner     1949299.3883036
cellsize      25
NODATA_value  -9999
[rows 273 to 311 of 490, columns 267 to 355 of 493]
49 49 49 49 50 50 50 50 50 50 50 50 50 50 49 49 48 47 46 45 45 45 45 45 45 44 44 44 44 44 45 46 47 48 48 48 47 47 47 47 47 47 47 47 47 47 46 47 47 47 46 46 45 45 45 45 45 45 45 45 45 46 46 48 48 48 48 47 46 46 46 46 46 46 46 47 49 51 55 60 66 75 85 97 111 123 135 146 154
49 49 49 49 49 49 49 50 50 50 50 50 50 50 49 48 47 46 45 45 45 45 44 44 44 44 44 44 44 44 44 45 46 46 47 47 47 46 46 46 47 47 47 47 46 46 46 46 46 46 46 46 45 45 45 45 44 44 44 45 45 46 46 48 48 48 48 47 46 46 46 45 45 46 46 47 49 52 56 60 67 75 85 97 110 123 135 145 154
49 49 49 49 49 49 49 49 50 50 50 50 50 50 49 48 47 46 45 45 45 44 44 44 44 44 44 44 44 44 44 44 45 45 46 46 46 46 46 46 46 46 47 47 46 46 46 46 46 46 46 46 45 45 45 45 44 44 44 45 45 46 46 47 48 48 48 47 46 46 45 45 45 46 46 48 50 52 56 61 67 75 85 96 108 121 133 144 153
49 49 49 48 48 48 49 49 49 50 50 50 50 49 49 48 47 46 45 45 44 44 44 44 44 44 44 44 44 44 44 44 44 44 44 45 45 45 45 45 45 46 46 46 46 46 45 45 46 46 46 46 45 45 45 45 44 44 44 45 45 46 46 47 48 48 47 47 46 45 45 45 45 45 46 48 50 53 56 60 66 74 83 94 106 118 130 141 151
49 49 49 48 48 48 48 49 49 49 50 50 49 49 49 48 47 46 45 45 44 44 44 44 44 44 44 43 44 44 44 43 43 44 44 44 45 45 45 45 45 46 46 46 46 45 45 45 45 46 46 46 45 45 45 45 45 45 45 45 45 46 46 47 47 47 47 46 45 45 44 44 45 45 46 48 51 53 56 60 66 73 82 93 104 115 127 138 149
49 49 48 48 48 48 48 49 49 49 49 49 49 49 49 48 47 46 45 45 44 44 44 44 44 44 43 43 43 43 43 43 43 44 44 44 44 44 44 45 45 45 46 46 46 45 45 45 45 45 46 45 45 45 45 45 45 45 45 45 45 46 46 46 46 46 46 46 45 44 44 43 44 44 46 48 51 53 56 60 66 72 81 92 103 114 124 135 145
49 48 48 48 48 48 48 48 49 49 49 49 49 49 48 48 48 47 46 45 44 44 44 44 44 43 43 43 43 43 43 43 43 44 44 44 44 44 44 44 45 45 45 46 46 45 45 45 45 45 45 45 45 45 45 45 45 45 45 45 45 45 45 45 46 46 46 45 45 44 43 43 43 44 45 47 50 53 56 60 65 72 81 92 102 113 123 133 143
48 48 48 48 48 48 48 48 48 48 48 49 49 48 48 48 47 47 46 45 44 44 44 44 43 43 43 43 43 43 43 43 43 43 43 43 44 44 44 44 44 45 45 46 45 45 45 45 45 45 45 45 45 45 45 45 45 45 45 45 45 45 45 45 45 45 45 45 44 43 43 43 43 43 45 47 49 52 55 59 65 72 81 92 102 112 122 131 141
48 48 48 48 48 48 48 48 48 48 48 48 48 48 48 48 47 47 47 46 45 44 44 44 43 43 42 42 42 43 43 43 43 43 43 43 43 43 43 44 44 45 45 45 45 45 45 45 45 45 45 45 45 45 45 45 45 45 45 45 45 45 44 44 44 44 44 44 44 43 43 43 43 43 45 46 48 51 55 59 65 73 82 92 102 112 121 130 139
47 47 47 48 48 48 48 48 48 48 48 48 48 48 48 48 48 47 47 46 45 45 44 44 43 42 42 42 42 42 43 43 43 43 43 43 43 43 43 43 44 44 45 45 45 45 44 45 45 45 45 45 45 45 45 45 45 45 44 44 44 44 44 44 44 44 44 44 43 43 43 43 43 43 45 46 48 51 54 59 65 73 82 92 102 112 121 129 138
47 47 47 47 47 47 47 48 48 48 48 48 48 48 48 48 48 48 47 47 46 45 45 44 43 43 42 42 42 42 42 42 43 42 42 42 42 42 43 43 44 44 44 44 44 44 44 44 44 45 45 45 45 45 45 45 44 44 44 44 44 44 44 43 43 43 43 43 43 43 43 43 43 44 45 46 48 51 54 59 65 72 81 90 101 111 120 128 137
47 47 46 46 47 47 47 47 48 48 48 48 48 48 48 48 48 48 48 47 46 46 45 45 44 43 42 41 41 41 42 42 42 42 42 42 42 42 43 43 44 44 44 44 44 43 43 44 44 44 44 44 44 44 44 44 44 44 44 44 44 43 43 43 43 43 43 43 42 42 42 43 43 44 45 46 48 51 55 59 65 72 80 89 98 108 117 125 135
46 46 46 46 46 46 47 47 48 48 48 48 48 48 48 48 48 48 48 47 47 46 46 45 44 42 42 41 41 41 41 42 42 42 42 42 42 42 43 43 43 43 43 43 43 43 43 43 43 43 43 44 44 44 44 44 43 43 43 43 43 43 43 42 42 42 42 42 42 42 42 42 43 44 45 46 48 52 55 60 65 71 78 86 95 105 114 123 133
46 46 46 46 46 46 46 47 47 48 48 48 48 48 48 48 48 48 48 47 47 46 46 45 44 42 41 41 41 41 41 41 41 41 41 41 42 42 42 43 43 43 42 42 42 42 42 42 43 43 43 43 43 43 43 43 43 43 43 43 43 42 42 42 42 42 42 41 41 41 42 42 43 44 45 46 48 52 56 60 64 70 76 84 92 102 112 121 130
46 45 45 45 46 46 46 47 47 48 48 48 48 48 48 48 48 48 48 47 47 46 46 45 44 42 41 41 41 41 41 41 41 41 41 41 41 42 42 42 42 42 42 41 42 42 42 42 42 42 42 43 43 43 43 43 42 42 42 43 43 42 42 42 41 41 41 41 41 41 42 42 43 44 45 46 48 52 56 59 64 69 74 81 90 99 109 119 128
45 45 45 45 46 46 46 47 47 47 47 47 48 48 48 48 48 48 47 47 47 46 46 46 45 43 42 42 42 42 42 42 41 41 41 41 41 41 41 41 41 41 41 41 41 41 41 41 42 42 42 42 42 42 42 42 42 42 42 43 43 42 42 42 41 41 41 41 41 41 41 42 43 44 45 46 48 52 55 59 62 67 73 80 87 96 106 115 125
45 45 45 45 45 46 46 46 47 47 47 47 47 48 48 48 48 47 47 47 46 46 46 46 45 44 43 43 43 42 42 42 41 41 41 41 41 41 41 41 41 41 40 40 40 41 41 41 41 42 42 42 42 42 42 42 42 42 42 43 43 42 42 42 41 41 41 41 41 41 41 42 42 43 44 45 47 51 54 57 61 66 72 78 85 93 102 112 122
45 45 45 45 45 45 46 46 46 47 47 47 47 47 48 48 47 47 47 46 46 46 46 46 46 45 44 44 44 43 43 42 42 41 41 41 41 41 40 40 40 40 40 40 40 40 41 41 41 41 41 41 41 41 41 41 41 42 42 42 43 42 42 42 41 41 41 41 41 41 41 42 42 43 44 45 46 49 52 55 59 65 70 76 82 90 99 109 118
45 45 45 45 45 45 45 45 46 46 46 47 47 47 47 47 47 46 46 46 46 46 46 46 46 45 45 45 44 44 43 43 42 41 41 41 41 40 40 40 40 40 40 40 40 40 40 41 41 41 41 41 41 41 41 41 41 41 42 42 42 42 42 42 41 41 41 41 41 41 41 42 42 43 43 44 45 47 50 54 58 63 68 73 80 87 96 105 114
45 45 45 45 45 45 45 45 45 45 46 46 46 47 47 47 46 46 46 46 46 46 46 46 45 45 45 45 45 45 44 43 42 42 41 41 41 41 40 40 40 40 40 40 40 40 40 41 41 41 41 41 41 41 41 41 41 41 41 42 42 42 42 41 41 41 41 41 41 41 41 41 42 42 43 44 44 46 49 52 56 61 66 71 76 83 91 100 109
45 45 45 45 45 45 45 45 45 45 45 46 46 46 46 46 46 46 46 46 46 46 46 45 45 45 45 45 45 45 44 43 43 42 42 42 41 41 41 40 40 40 40 40 40 40 40 40 40 40 41 41 41 41 41 41 41 41 41 41 42 42 41 41 41 41 41 41 41 41 41 41 42 42 42 43 44 45 47 50 54 59 64 69 73 79 86 95 104
45 45 45 45 45 45 45 45 45 45 45 45 46 46 46 46 46 46 46 46 46 46 46 45 45 45 45 46 46 45 45 44 44 43 43 42 42 41 41 41 41 40 41 41 41 40 40 40 40 40 40 40 40 40 40 40 40 40 40 41 41 41 41 41 41 41 41 41 41 41 41 41 41 42 42 42 43 44 46 49 53 57 62 66 70 75 82 90 99
45 45 45 46 46 45 45 45 44 44 44 45 45 45 46 46 46 46 46 46 46 46 46 45 45 45 45 46 46 46 45 45 44 44 44 43 43 42 41 41 41 41 41 41 41 41 40 40 40 40 40 40 40 40 40 40 40 40 40 40 41 41 41 41 41 41 41 41 41 41 41 41 41 41 41 42 43 44 46 48 51 55 60 63 67 71 77 85 94
45 45 46 46 46 45 45 45 44 44 44 44 45 45 45 46 46 46 46 46 46 46 46 45 45 45 45 46 46 46 45 45 45 45 44 44 43 42 42 41 41 41 41 41 41 41 40 40 40 40 40 40 40 40 40 40 40 39 39 40 40 40 41 41 41 41 41 41 40 40 40 40 40 40 41 41 42 44 46 48 50 53 57 60 63 67 73 80 89
45 45 45 46 45 45 45 44 44 44 44 44 45 45 45 46 46 46 46 46 46 46 45 45 45 45 45 45 46 46 45 45 45 45 44 44 43 42 42 41 41 41 41 41 41 41 40 40 40 40 40 40 40 40 40 40 39 39 39 39 40 40 40 40 40 40 40 40 40 40 40 40 40 40 40 41 42 44 46 48 50 51 54 57 60 64 69 76 85
45 45 45 45 45 45 44 44 44 44 44 44 45 45 46 46 46 46 46 46 46 45 45 45 45 45 45 45 45 45 45 44 44 44 44 43 43 42 42 41 41 41 41 41 41 40 40 40 39 39 39 40 40 40 40 39 39 39 39 39 39 40 40 40 40 40 40 40 40 40 40 40 40 40 40 41 42 43 45 47 49 50 51 53 56 60 66 73 81
44 45 45 45 45 44 44 44 44 44 44 44 45 45 46 46 46 47 46 46 45 45 45 45 45 45 45 45 45 44 44 44 43 43 43 42 42 42 42 41 41 41 41 41 41 40 40 39 39 39 39 39 39 39 39 39 38 38 38 39 39 39 39 40 40 40 40 40 40 40 40 40 39 39 40 40 41 43 45 46 48 49 50 51 53 57 63 70 78
44 44 44 44 44 44 43 43 44 44 44 44 45 45 46 46 47 47 46 46 45 45 45 44 44 44 44 44 44 44 43 43 43 42 42 42 42 42 41 41 41 41 41 41 41 40 40 39 39 39 39 39 39 39 39 39 38 38 38 38 39 39 39 39 39 40 40 40 40 40 40 40 39 39 40 40 41 42 44 45 46 47 48 49 51 55 60 67 74
43 43 44 44 43 43 43 43 43 44 44 44 45 45 46 46 46 46 46 46 45 45 44 44 44 44 44 44 44 43 43 43 42 42 42 41 41 41 41 41 41 41 41 41 41 40 39 39 39 38 38 38 38 39 38 38 38 38 38 38 38 39 39 39 39 39 40 40 40 40 40 40 39 39 40 40 41 42 43 44 45 46 46 47 49 53 58 64 70
42 43 43 43 43 42 42 42 43 43 44 44 45 45 46 46 46 46 46 45 45 45 44 44 44 44 44 44 43 43 43 43 42 42 42 41 41 41 41 41 41 41 41 41 41 40 39 39 39 38 38 38 38 38 38 38 38 38 38 38 38 38 38 39 39 39 40 40 40 40 40 39 39 39 39 40 41 41 42 43 43 44 45 46 48 51 55 60 66
42 42 43 43 43 42 42 42 42 43 43 44 44 45 45 46 46 46 46 45 45 45 44 44 44 44 44 44 43 43 43 43 42 42 42 41 41 41 41 41 41 41 41 41 41 40 39 39 39 38 38 38 38 38 38 38 39 39 39 38 38 38 38 39 39 39 40 40 40 40 40 39 39 39 39 39 40 41 41 42 42 43 43 44 47 49 53 57 62
42 42 43 43 43 42 42 42 42 42 43 44 44 45 45 45 45 45 45 45 45 45 44 44 43 43 43 43 43 43 43 43 42 42 42 41 41 41 41 41 41 41 41 41 41 40 39 39 39 38 38 38 38 38 38 39 39 39 39 39 38 38 38 39 39 39 40 40 40 40 39 39 38 38 38 39 39 40 40 41 41 42 43 44 45 48 51 55 59
41 42 43 43 43 42 42 42 42 42 43 43 44 44 45 45 45 45 45 45 45 44 44 44 43 43 43 43 43 43 43 42 42 42 42 41 41 41 41 41 41 41 41 41 40 40 39 39 39 38 38 38 38 38 38 39 39 39 39 39 39 39 38 39 39 39 40 40 40 40 39 39 38 38 38 38 39 40 40 40 40 41 42 43 44 47 50 53 57
41 42 43 43 43 43 42 42 42 42 42 43 43 44 44 44 45 45 45 44 44 44 44 43 43 43 43 43 43 43 43 42 42 42 42 41 41 41 41 41 41 41 41 41 40 40 40 39 39 38 38 38 38 38 38 39 39 39 39 39 39 39 39 39 39 39 39 40 40 39 39 38 38 38 38 38 39 39 40 40 40 40 41 42 43 45 48 51 54
41 42 42 43 43 43 43 42 42 42 42 42 43 43 43 44 44 45 44 44 44 43 43 43 43 43 43 43 43 43 42 42 42 42 42 41 41 41 41 41 41 41 41 41 40 40 40 39 39 38 38 38 38 38 38 39 39 39 39 39 39 39 39 39 39 39 39 39 39 39 38 38 38 38 38 38 39 39 39 39 39 40 40 41 42 43 46 49 52
41 41 42 42 42 42 42 42 42 41 42 42 42 42 43 43 44 44 44 43 43 43 43 43 43 43 43 43 43 42 42 42 42 42 41 41 41 41 41 41 41 41 41 40 40 40 40 39 39 38 38 38 38 38 38 38 39 39 39 39 39 39 39 38 38 39 39 39 39 39 38 38 38 38 38 38 39 39 39 39 39 39 40 40 41 42 44 47 50
41 41 41 42 42 42 42 41 41 41 41 41 42 42 42 42 43 43 43 42 42 42 42 42 43 43 43 43 42 42 42 42 42 42 41 41 41 41 41 41 41 40 40 40 40 40 40 39 39 38 38 38 38 38 38 38 38 39 39 39 39 39 38 38 38 38 39 39 39 39 38 38 37 38 38 38 39 39 39 39 39 39 39 39 40 41 43 45 47
40 41 41 41 41 41 41 41 41 41 41 41 41 41 41 41 42 42 42 41 41 41 42 42 42 42 42 42 42 42 42 42 42 42 41 41 41 40 40 40 40 40 40 40 40 40 40 39 39 38 38 38 38 38 38 38 38 38 38 38 38 38 38 38 38 38 38 39 39 38 38 38 37 38 38 38 39 39 39 39 39 39 38 39 39 40 41 44 46
40 40 40 40 41 41 41 41 40 40 40 40 40 40 40 40 41 41 41 40 41 41 41 41 42 42 42 42 42 42 42 42 41 41 41 41 40 40 40 40 40 40 40 40 40 40 39 39 39 38 38 38 38 38 38 38 38 38 38 38 38 38 38 38 38 38 38 38 38 38 38 38 37 37 38 38 38 39 39 39 38 38 38 38 38 39 41 43 44
