Sardinia/Input files/Baratz/brz_elev5k.txt
ncols         493
nrows         490
xllcorner     4164107.4317416
yllcorner     1949299.3883036
cellsize      25
NODATA_value  -9999
[rows 117 to 155 of 490, columns 178 to 266 of 493]
136 138 137 133 129 125 123 123 126 129 132 134 135 134 131 127 124 122 122 122 123 124 124 121 118 116 115 113 112 112 113 114 115 117 118 118 117 116 115 114 112 110 108 107 106 105 104 104 104 103 103 102 102 101 100 99 99 99 98 98 98 97 98 98 98 98 97 97 98 99 100 100 101 102 102 102 102 102 101 98 93 89 89 93 95 95 96 97 97
134 135 133 128 122 117 114 115 117 122 126 129 130 130 129 126 123 122 121 122 123 124 124 122 119 117 114 112 111 110 110 110 112 113 113 114 114 114 113 112 111 109 108 106 105 104 103 102 101 101 100 100 100 99 98 98 97 97 96 96 96 95 95 95 96 96 96 96 97 97 98 99 99 99 99 98 98 97 96 94 91 88 89 91 93 93 94 95 95
131 131 128 122 116 110 107 107 110 115 120 123 126 127 126 124 123 121 121 121 122 124 124 123 121 118 115 112 110 108 108 108 108 109 110 111 111 111 111 111 110 109 107 106 104 103 101 100 100 99 99 98 98 98 97 96 96 95 95 94 94 93 93 93 94 94 95 95 95 96 97 97 97 97 96 95 93 93 91 90 88 87 87 88 89 90 91 92 92
126 126 123 118 112 106 102 102 105 110 115 119 122 123 124 123 122 121 121 122 123 124 124 123 121 119 115 112 109 107 106 106 106 107 108 109 109 110 110 110 109 108 106 105 103 101 99 99 98 98 97 97 97 96 96 95 95 94 93 93 92 92 92 92 92 93 94 95 95 95 96 96 96 96 95 93 91 89 87 86 85 84 84 84 84 85 87 88 90
121 122 120 115 110 104 100 99 102 106 110 114 117 119 121 121 121 120 121 122 123 124 124 123 122 119 115 112 109 106 105 104 104 105 106 107 108 108 109 109 107 106 104 103 101 99 98 97 97 96 96 96 95 95 95 95 94 93 92 91 91 90 90 90 91 92 93 94 95 95 95 96 95 95 94 93 90 88 85 83 83 82 81 80 80 80 82 84 86
117 119 118 114 109 103 99 98 100 103 107 110 113 115 117 118 119 120 121 122 124 124 123 123 122 119 116 112 108 106 104 103 103 103 104 105 107 107 107 107 105 104 102 100 99 97 96 95 95 95 94 94 94 94 94 93 93 92 91 90 89 89 89 89 89 90 92 93 94 94 94 95 94 94 93 93 91 88 85 82 81 80 78 78 78 78 79 80 82
114 117 116 113 109 104 100 99 99 101 104 107 110 111 113 115 117 118 120 122 123 123 122 122 121 119 115 111 108 105 103 103 102 102 102 104 105 105 105 104 103 101 100 98 96 95 94 94 93 93 93 93 93 92 92 92 91 90 89 89 88 88 88 88 88 89 91 93 93 93 94 94 94 93 93 93 91 89 85 83 81 78 77 76 77 78 78 78 79
109 114 115 113 109 105 101 99 99 100 102 105 106 108 110 112 114 116 118 120 122 122 122 121 121 119 115 111 107 105 103 102 101 101 101 102 103 103 103 102 101 100 98 97 95 93 92 92 92 92 92 92 91 91 90 89 88 88 88 88 88 88 87 87 87 88 90 92 93 93 93 93 93 93 93 93 92 89 87 84 82 79 76 75 76 77 78 77 78
105 109 111 111 109 105 101 98 98 99 101 102 103 105 107 109 111 114 116 119 120 121 121 120 120 118 115 111 108 105 103 102 100 100 100 100 101 101 101 101 100 99 97 96 93 92 91 90 90 91 91 90 90 90 89 88 87 87 88 88 88 87 87 87 87 87 89 91 92 93 93 93 92 92 92 93 92 91 89 87 85 82 79 76 74 76 78 78 79
100 104 107 108 107 104 100 97 97 98 99 100 100 101 103 106 108 111 114 116 119 121 121 120 120 119 116 112 108 105 103 101 100 99 99 99 99 100 100 100 99 98 96 95 93 91 90 89 89 89 89 89 89 89 88 87 86 87 87 88 88 87 87 87 87 87 88 90 92 93 93 92 92 92 92 92 93 92 91 90 88 86 83 79 76 76 78 78 79
95 98 102 104 104 103 99 96 95 95 96 96 96 97 99 102 105 108 111 114 117 120 121 121 121 120 117 113 110 106 104 102 100 99 98 98 98 98 99 99 99 97 96 94 92 90 89 88 88 88 88 88 89 89 88 87 86 87 87 87 87 87 87 87 86 86 87 89 91 92 92 92 91 91 91 92 92 93 92 92 91 90 88 84 80 78 78 79 79
91 94 98 100 101 100 98 95 93 92 92 91 92 93 96 99 102 106 109 113 116 119 121 121 121 120 118 115 111 108 106 103 101 99 97 96 96 97 98 98 98 97 95 94 92 90 89 88 87 87 88 88 88 88 88 87 86 86 87 87 87 87 87 86 86 86 86 87 89 91 91 91 91 91 91 92 92 92 93 93 93 92 91 87 83 80 79 79 80
89 91 94 97 99 99 97 95 92 90 88 88 89 90 93 96 99 103 107 111 114 118 120 122 122 121 119 116 113 110 107 105 102 100 97 96 95 95 97 97 97 96 95 94 92 91 89 88 87 87 87 87 88 88 87 86 86 86 86 87 87 87 86 86 86 85 85 85 87 88 89 90 91 91 91 91 92 92 93 93 93 93 92 90 86 82 80 79 79
87 88 91 95 97 98 97 95 92 89 86 86 86 88 90 93 97 101 105 109 113 116 120 122 122 122 120 117 115 112 109 106 103 101 98 96 94 94 96 96 96 95 94 93 92 91 89 88 87 86 86 87 87 87 87 86 85 86 86 86 86 86 86 86 85 85 84 84 84 86 87 89 90 90 91 91 92 92 92 93 93 93 93 91 87 83 80 79 79
87 87 90 93 96 97 97 96 93 89 86 85 85 86 88 91 95 99 103 107 111 116 119 121 123 123 121 119 117 114 111 108 105 102 99 97 95 93 94 94 94 94 93 93 92 91 90 88 87 86 86 86 87 86 86 85 85 85 85 86 86 86 86 85 85 84 84 83 83 84 86 88 89 90 90 91 91 92 92 93 93 93 93 91 88 83 80 78 78
87 88 89 92 95 97 98 97 94 91 87 84 84 85 87 90 94 98 102 106 111 115 119 122 123 124 123 121 119 116 113 110 106 103 101 98 95 93 92 92 92 92 92 92 91 91 90 88 87 86 86 86 86 86 85 85 85 85 85 85 85 85 85 85 85 84 83 82 82 83 85 87 89 90 90 91 91 92 92 92 92 93 92 91 89 84 80 78 77
88 88 89 91 94 96 97 97 95 91 88 85 83 84 86 88 92 97 102 107 111 116 119 122 124 125 124 123 121 119 116 112 108 105 102 99 96 93 92 91 91 91 91 91 91 90 89 88 87 86 86 85 85 85 84 84 84 84 84 84 85 85 85 85 84 84 83 82 82 83 84 86 88 89 90 91 91 91 92 92 92 92 92 91 89 86 81 78 76
89 88 88 89 92 95 96 96 94 91 88 85 83 83 85 87 91 96 102 107 112 116 119 122 124 126 125 123 122 119 116 113 109 105 102 99 96 94 92 91 90 89 89 89 89 89 88 87 87 86 85 85 84 84 84 84 83 83 83 84 84 84 85 84 84 83 82 82 82 83 84 87 88 89 90 91 91 91 91 91 91 91 91 91 89 87 83 79 76
89 87 87 87 90 92 93 94 93 90 86 84 81 82 84 85 89 95 102 108 112 116 119 122 124 126 125 123 121 119 116 113 109 105 102 99 96 94 92 91 89 88 88 88 88 88 87 87 86 85 84 84 84 84 83 83 83 83 83 83 83 84 84 84 83 83 82 81 82 83 84 87 89 90 90 91 91 91 91 91 90 90 90 90 89 87 84 81 77
89 87 86 86 87 88 89 89 88 87 83 81 79 79 81 83 87 94 101 107 112 116 120 122 123 124 123 121 119 117 114 111 108 104 101 98 96 94 92 90 88 87 86 86 87 87 86 86 85 85 84 84 83 83 83 82 82 82 82 82 83 83 83 83 83 82 81 81 81 82 84 87 89 90 90 91 91 91 91 90 89 89 89 89 88 87 85 82 78
89 87 85 85 85 86 85 85 83 82 79 77 76 76 78 80 85 93 100 106 111 115 119 122 122 122 121 119 117 114 112 108 105 102 99 96 94 92 91 89 87 86 86 86 85 85 85 85 85 84 84 83 83 83 82 82 82 82 82 82 82 82 82 82 82 81 81 80 81 82 84 87 89 90 90 90 91 91 90 89 88 88 88 87 87 86 84 81 77
88 86 85 85 85 85 84 82 79 79 76 73 73 73 74 78 84 91 98 104 109 114 118 120 121 120 118 116 114 111 108 105 102 99 96 94 92 90 89 88 87 86 86 85 84 84 84 84 84 84 83 83 82 82 82 81 81 81 81 81 81 81 81 81 80 80 79 79 80 81 84 87 89 90 90 90 90 90 89 89 88 87 87 86 85 85 83 80 76
86 86 86 86 86 85 83 81 78 77 75 72 71 71 73 78 84 90 96 101 106 111 115 117 118 117 115 113 111 108 105 102 99 96 93 91 90 88 87 87 86 86 85 84 83 83 83 84 84 84 83 82 82 81 81 81 81 81 81 80 80 80 80 80 79 78 78 78 79 80 83 86 88 89 90 90 90 90 89 88 87 87 86 85 84 83 81 78 75
87 88 89 88 88 86 84 81 78 76 74 72 70 71 74 78 83 88 92 97 101 105 109 111 112 112 112 110 107 105 102 100 97 94 91 90 88 87 86 86 86 86 85 83 82 82 82 83 84 83 82 82 81 81 81 81 81 81 80 80 80 79 79 78 78 77 77 77 78 79 82 84 87 88 89 89 89 89 89 88 87 86 85 84 82 81 80 77 75
89 91 92 92 91 89 86 82 78 76 75 73 72 73 75 79 82 85 87 90 93 97 101 103 106 108 108 107 105 103 100 98 95 93 91 89 87 86 85 85 85 85 84 82 82 82 82 83 83 82 82 81 81 80 80 81 81 80 80 80 80 79 78 77 77 77 76 77 77 78 81 83 86 88 88 89 89 89 88 88 87 86 85 83 82 80 78 77 75
92 94 95 96 95 93 89 84 79 76 75 74 74 75 76 78 79 79 79 80 83 87 92 95 99 102 104 103 102 101 100 97 95 92 90 88 87 85 84 83 84 83 82 82 82 82 82 82 82 82 81 81 80 80 80 80 80 80 80 80 79 78 77 77 76 76 76 76 77 78 80 83 85 87 88 88 88 88 88 88 87 86 85 83 81 79 78 77 76
94 97 99 100 99 97 93 87 82 78 76 75 75 75 76 76 75 74 71 71 73 79 84 89 93 97 99 100 100 100 100 98 95 93 90 88 87 85 83 82 81 81 81 81 81 82 82 82 81 81 80 80 80 79 79 79 79 79 80 80 79 78 77 76 76 76 76 76 77 79 81 83 85 87 88 88 88 88 88 87 87 86 85 83 81 79 78 77 76
97 100 103 104 103 101 96 91 86 81 78 76 76 76 76 75 73 70 71 70 70 72 77 83 88 92 95 97 98 100 100 99 96 94 91 89 87 85 82 80 79 79 79 79 80 80 81 80 80 79 79 79 79 78 78 78 78 78 79 80 79 77 76 76 76 75 76 76 77 79 81 83 85 87 87 87 87 87 87 87 86 85 84 83 80 78 78 77 76
101 104 107 108 107 104 99 94 89 85 82 79 78 77 76 74 72 70 71 71 70 69 71 77 83 88 92 95 97 99 100 100 98 95 93 91 89 85 82 79 77 76 75 76 77 77 78 78 77 77 77 77 78 78 77 77 77 78 78 79 78 77 76 76 75 75 75 76 78 80 82 84 85 86 86 87 87 87 87 86 85 84 83 82 80 78 78 77 76
104 107 110 111 110 107 103 98 93 89 86 83 81 80 78 76 73 72 72 72 71 70 69 71 77 84 90 93 96 99 100 100 99 97 96 93 90 86 82 78 75 73 72 72 73 74 75 75 75 75 75 76 76 77 77 76 76 77 78 78 78 77 76 75 75 75 75 76 78 80 82 84 85 86 86 86 86 86 86 85 84 83 82 81 80 79 79 77 75
106 110 112 113 113 111 107 102 98 94 90 87 85 83 81 78 75 74 76 75 73 72 70 69 72 80 87 91 95 98 100 100 100 99 97 95 91 88 83 78 74 71 70 70 70 70 71 72 72 72 73 74 75 75 76 76 76 76 77 77 77 77 76 75 74 74 75 75 78 80 83 84 85 85 85 85 85 85 85 84 83 82 82 81 80 80 80 77 75
109 112 114 116 116 114 111 107 102 98 95 92 89 87 85 83 81 81 81 80 77 75 72 70 70 77 85 89 93 96 98 100 100 99 98 96 93 89 84 79 74 70 69 69 68 68 68 69 69 70 71 71 72 73 74 75 75 76 76 76 76 76 76 75 74 74 74 75 77 80 82 84 84 84 85 85 85 84 84 83 82 81 81 81 80 80 80 77 74
111 113 116 118 119 118 115 112 108 103 100 96 93 91 89 89 88 88 86 83 80 77 74 70 69 75 81 86 90 94 96 98 99 98 98 97 94 91 86 80 74 69 68 67 66 66 66 67 67 68 68 69 69 71 72 74 75 75 75 75 76 75 75 74 74 73 73 74 77 80 82 83 83 84 84 84 84 84 83 82 81 81 80 80 80 80 79 77 74
112 115 118 120 121 121 119 117 113 109 104 100 97 94 93 92 92 91 89 86 81 77 74 70 69 72 76 81 86 90 93 95 97 97 97 97 95 91 86 80 74 69 67 66 65 64 65 65 65 65 65 66 67 68 71 73 74 74 74 74 74 75 74 74 73 73 72 73 76 78 80 81 82 83 84 84 84 83 82 81 81 80 80 80 80 79 78 76 73
113 116 119 122 123 123 122 120 116 113 108 104 100 97 95 94 94 93 91 87 82 77 73 69 67 68 71 76 81 85 89 92 94 95 96 96 94 91 86 80 75 70 67 65 64 64 64 64 64 63 63 63 64 66 69 72 74 74 73 73 73 74 74 73 73 72 71 72 74 76 78 80 81 82 83 83 83 83 82 81 80 80 80 80 79 79 77 75 73
115 117 121 123 125 125 124 122 119 115 111 107 103 99 97 95 94 93 91 87 82 76 71 67 64 63 66 70 75 80 84 88 91 92 93 94 92 89 85 79 75 71 67 65 64 64 64 64 63 62 61 61 62 64 67 70 73 73 72 72 72 72 72 72 72 71 70 70 72 74 75 77 79 81 82 82 82 82 81 81 80 79 79 79 79 78 77 75 73
116 119 122 124 126 125 124 122 119 116 113 108 104 100 97 94 93 91 89 85 80 74 69 64 62 61 62 65 69 74 79 83 87 89 90 90 90 87 83 78 74 70 67 65 64 64 63 62 61 60 59 59 61 63 66 69 72 73 72 72 71 71 71 71 70 70 69 68 69 70 73 75 77 79 80 81 82 81 81 80 79 79 79 79 79 79 78 76 74
119 121 123 125 126 125 123 121 119 116 113 109 104 99 95 92 90 88 86 83 79 73 67 63 60 59 60 61 63 69 75 79 82 85 86 87 87 85 81 77 73 69 67 65 63 63 62 61 59 58 57 57 59 62 66 69 71 73 73 72 71 70 69 69 68 68 67 67 66 67 69 72 75 77 78 80 81 81 80 79 79 78 78 78 79 79 79 77 76
122 123 125 126 126 124 122 120 118 115 112 108 103 98 93 90 87 85 83 80 77 72 67 62 59 58 59 59 61 66 71 74 78 81 82 83 83 82 79 75 71 68 65 63 62 61 60 58 56 55 55 55 57 61 65 67 69 72 72 72 71 70 68 68 67 66 66 65 65 65 67 70 73 75 77 78 79 80 79 79 78 77 77 78 78 79 79 79 77
