Sardinia/Input files/Baratz/brz_asp5k.txt
ncols         493
nrows         490
xllcorner     4164107.4317416
yllcorner     1949299.3883036
cellsize      25
NODATA_value  -9999
[rows 152 to 189 of 490, columns 255 to 339 of 493]
137 126 126 131 148 174 174 123 90 83 80 75 69 62 55 45 287 247 226 204 187 180 187 202 213 213 174 107 92 101 131 167 204 225 230 228 223 219 220 218 204 171 142 138 154 171 177 184 186 144 113 111 138 233 248 247 242 232 219 206 197 187 179 173 169 171 174 174 182 211 240 253 258 261 262 261 259 263 275 277 264 237 158 104 83
151 133 129 134 152 183 197 153 69 62 58 51 47 45 44 43 23 268 226 195 180 174 190 215 226 226 207 124 85 81 98 129 192 227 233 230 222 217 220 219 207 181 156 147 154 164 174 194 200 161 124 118 142 231 247 247 242 233 219 208 201 193 185 179 172 173 179 184 213 248 261 266 270 274 273 270 269 274 280 277 262 228 177 131 100
164 142 135 136 155 192 215 226 32 47 46 41 39 40 43 46 48 42 212 202 214 345 330 290 260 241 227 184 87 77 85 101 160 231 240 235 225 220 223 222 210 192 175 164 160 159 170 194 198 170 136 127 150 224 243 245 245 246 251 266 283 295 307 324 342 351 355 353 334 301 285 281 284 290 288 282 281 282 282 272 251 216 181 153 124
170 151 144 141 159 199 223 234 259 31 46 45 45 49 53 59 66 83 177 241 297 331 344 340 316 261 239 225 128 88 90 99 132 230 243 239 229 223 226 224 216 205 196 189 176 158 163 183 188 171 147 138 160 215 235 242 248 260 278 301 324 343 349 340 339 346 353 358 353 327 302 295 297 304 303 293 286 282 274 258 235 205 178 159 140
168 155 152 149 165 203 223 232 239 238 71 68 69 73 77 80 85 97 155 242 268 293 322 345 354 248 243 234 179 110 103 107 127 226 243 239 231 225 228 231 229 223 219 213 193 159 155 169 174 167 154 151 169 202 224 237 249 263 278 295 322 355 0 342 335 341 351 2 2 336 312 303 303 310 310 296 281 268 254 235 217 197 175 159 145
158 151 156 158 173 202 220 230 235 222 130 103 100 100 100 99 98 100 135 235 243 236 212 180 169 199 230 225 181 127 112 110 123 231 248 244 236 232 238 244 244 239 233 225 205 165 148 150 156 157 156 160 174 192 213 234 249 262 273 282 303 349 357 346 342 346 356 9 8 343 319 309 307 312 313 294 265 243 226 211 202 193 178 162 148
139 139 153 162 174 192 211 229 238 226 144 113 107 106 104 101 96 94 110 222 228 215 195 179 179 199 214 205 178 142 121 112 120 244 256 251 245 246 253 257 256 248 237 226 211 182 148 135 140 147 153 163 176 189 210 233 248 259 267 274 291 328 344 345 347 352 3 15 13 349 325 313 309 312 313 282 230 212 206 201 198 195 186 169 152
124 124 141 155 162 175 200 225 237 228 146 110 101 98 95 91 88 87 96 186 214 206 191 180 185 200 203 193 177 155 134 120 127 258 265 263 261 264 267 267 263 252 235 220 209 192 164 139 135 142 151 163 177 191 212 237 250 257 263 271 286 312 331 340 349 358 11 23 21 355 327 312 306 305 295 183 173 184 196 201 202 200 195 183 164
126 120 130 141 148 161 191 221 233 226 163 114 99 92 86 82 81 84 93 135 193 198 187 179 189 199 196 189 178 164 146 133 160 268 277 282 287 290 285 277 269 250 223 207 200 191 174 150 137 139 150 166 186 200 224 246 255 258 262 269 280 295 312 328 346 6 23 36 34 8 324 300 286 255 168 147 151 168 192 206 210 206 202 196 185
139 125 126 133 140 152 181 218 231 228 186 123 100 90 83 79 79 84 93 117 167 188 183 178 189 196 193 188 182 171 156 150 226 277 287 297 305 311 306 292 274 241 202 192 192 189 177 158 143 139 151 179 207 218 244 260 262 262 264 270 278 284 290 298 328 26 49 57 56 42 307 256 221 188 159 142 142 160 191 212 217 213 206 204 203
153 132 125 130 139 148 171 216 234 234 207 135 106 89 79 77 78 79 80 88 121 171 180 180 190 196 193 189 185 178 168 178 262 283 293 302 310 319 322 305 275 219 177 179 185 187 180 164 149 145 159 196 218 233 266 276 276 274 274 276 277 275 267 255 230 133 98 85 80 82 154 197 187 176 159 143 140 154 188 213 220 218 211 209 217
159 131 122 126 138 149 162 216 240 242 222 147 115 91 72 67 68 66 60 56 63 96 167 187 195 195 189 187 186 184 184 228 275 286 293 300 307 320 335 313 252 183 155 165 179 186 183 169 154 152 180 257 289 304 305 297 288 282 279 277 272 262 247 230 209 174 135 112 102 103 134 166 173 170 156 142 139 150 180 209 220 221 216 214 226
146 122 114 115 127 146 151 228 251 249 231 161 122 91 63 56 56 54 48 46 53 63 74 213 202 181 172 178 187 193 212 262 279 283 285 289 295 309 31 173 198 167 143 150 171 184 188 182 177 335 333 332 334 335 328 317 300 284 274 267 259 247 231 217 207 189 157 134 123 124 136 152 164 167 154 137 132 141 168 202 219 225 222 220 230
127 114 105 100 101 112 108 275 266 256 236 185 135 89 55 48 48 48 45 46 54 58 49 28 113 146 151 165 187 209 244 273 280 279 275 272 267 220 152 165 183 169 147 145 159 177 202 254 312 331 335 335 338 340 338 332 315 289 269 255 244 234 221 210 207 195 168 147 139 139 143 151 162 170 158 131 121 125 146 192 222 232 232 229 233
122 110 101 94 88 77 14 288 273 259 238 212 183 111 61 45 45 48 48 50 56 56 47 44 79 126 143 158 187 219 252 271 276 275 270 263 248 200 163 169 182 173 158 152 155 176 245 291 312 326 331 331 335 340 342 342 330 299 266 247 237 229 218 211 211 197 170 152 144 145 147 152 165 179 171 134 114 111 121 173 230 241 242 239 237
129 109 100 97 98 113 194 263 265 254 235 224 219 185 126 84 51 51 53 52 53 51 45 47 67 103 139 159 184 218 246 261 265 266 265 261 249 214 171 171 180 170 162 158 159 199 277 296 310 321 324 322 326 334 341 348 343 306 260 244 238 233 225 219 215 197 169 149 142 143 145 152 170 192 186 142 117 110 113 148 242 253 253 249 239
145 115 103 103 113 142 184 235 249 244 227 222 219 203 170 170 148 69 62 56 51 46 44 49 64 84 121 160 180 211 238 249 251 252 253 253 251 237 186 167 167 154 153 158 169 245 283 294 305 316 317 311 312 320 331 355 14 270 246 245 244 242 236 227 219 202 167 139 133 136 140 151 178 206 201 148 121 116 119 149 251 264 263 254 236
163 125 109 108 120 145 176 216 235 232 213 210 212 203 187 183 188 139 81 64 54 48 48 55 64 74 90 143 178 204 233 241 241 242 244 248 250 246 224 150 130 128 137 153 187 259 280 286 295 306 309 301 298 301 310 53 96 156 244 254 256 256 251 241 231 216 160 129 129 133 137 153 188 217 215 150 120 119 123 158 253 265 265 253 232
175 136 114 112 123 143 167 200 219 217 201 197 204 203 194 190 191 179 127 88 70 59 57 61 66 69 73 89 158 196 230 240 242 244 246 248 248 245 236 170 113 115 124 146 200 255 269 271 273 279 287 287 281 271 233 131 118 149 249 266 270 268 261 249 238 218 149 127 131 137 140 157 197 225 225 154 118 118 124 164 250 261 259 243 220
179 145 121 116 122 136 156 185 207 211 201 194 200 203 197 192 192 187 166 140 121 102 82 74 73 72 69 68 89 176 233 246 250 251 250 250 249 246 242 198 115 112 117 137 202 244 253 252 249 249 251 248 234 207 179 164 157 174 238 265 272 268 253 233 222 198 147 132 138 147 150 164 204 231 229 163 120 118 125 166 246 255 248 227 209
175 150 127 118 119 126 140 166 197 210 209 202 205 208 201 193 190 184 171 159 154 152 135 104 86 78 72 67 67 86 243 253 257 256 255 255 254 251 249 207 117 113 114 130 192 231 238 238 237 235 229 216 201 184 173 173 176 189 234 258 266 259 230 207 200 182 151 138 145 159 166 177 210 234 231 171 125 120 125 168 246 253 244 222 207
166 149 129 117 113 115 122 137 182 217 223 220 220 222 212 193 180 172 162 157 160 167 166 145 110 89 79 71 66 66 261 265 267 267 266 266 265 262 258 205 117 114 114 127 175 214 226 231 232 229 218 202 188 175 170 177 186 201 233 250 251 235 195 187 187 175 154 142 149 167 180 192 219 236 231 181 128 117 120 169 251 257 248 227 209
146 137 123 113 108 109 111 108 132 235 243 240 238 238 228 191 154 145 144 147 157 170 176 169 145 114 95 81 72 71 324 283 285 286 282 281 282 278 267 191 116 113 115 127 159 193 216 229 232 226 214 197 180 171 170 179 193 209 231 239 232 207 178 175 178 170 157 149 154 174 193 207 224 233 227 196 138 114 111 169 257 260 252 232 204
114 114 110 106 106 110 112 92 75 264 256 252 251 252 240 186 127 119 125 134 150 169 180 179 167 145 122 99 85 71 326 300 301 304 297 293 290 281 262 172 115 112 116 128 150 175 207 230 233 226 214 195 175 167 170 182 197 215 232 234 221 197 178 172 168 162 158 156 163 183 202 211 217 223 223 206 166 132 118 175 253 254 246 225 190
99 101 103 104 105 109 120 99 75 275 259 257 259 261 247 177 116 107 112 121 139 163 178 180 177 169 155 130 102 43 314 307 308 310 305 299 293 271 252 163 116 114 117 128 145 165 203 232 237 232 217 193 174 167 172 186 202 222 235 234 218 195 180 171 159 155 156 159 170 190 203 203 207 217 221 207 183 166 152 181 232 239 233 215 181
111 110 110 108 106 109 132 151 104 237 261 262 266 267 243 164 110 100 102 108 121 148 170 178 183 186 183 161 122 316 306 306 308 309 307 306 304 273 252 152 118 116 118 126 140 159 201 234 242 237 215 185 174 171 176 190 208 228 237 231 212 192 182 170 154 148 152 158 171 192 198 198 207 220 222 203 187 182 176 186 215 229 229 214 179
127 126 123 118 112 113 142 174 141 210 263 267 270 270 224 161 96 93 95 99 108 128 154 174 190 202 206 201 288 303 299 300 304 305 307 315 334 273 246 139 118 116 117 122 132 150 197 234 240 233 208 177 173 177 181 194 211 226 232 224 203 189 184 175 155 142 144 150 162 188 196 204 222 231 224 202 188 189 188 193 213 229 230 214 177
135 135 133 127 121 122 150 178 163 221 266 272 274 270 183 251 72 85 90 95 104 118 140 169 199 219 232 257 294 298 294 292 296 301 306 331 74 244 224 129 116 113 112 113 119 133 191 235 238 228 203 176 172 180 185 194 206 216 221 216 200 188 185 181 167 150 145 144 145 172 201 230 246 244 229 205 191 192 195 202 219 228 226 210 177
137 138 136 130 126 129 156 178 177 243 272 277 277 265 175 270 70 89 92 96 103 114 132 168 213 239 255 275 289 293 292 289 290 293 297 113 131 224 188 122 112 107 102 100 103 114 170 228 229 220 201 180 174 181 187 191 198 206 214 214 201 186 183 184 180 175 174 161 146 165 217 254 262 257 240 210 190 191 199 210 221 224 219 205 180
138 138 135 126 122 126 151 178 208 274 284 285 282 233 203 265 106 101 102 104 108 115 130 173 231 254 267 277 285 291 294 292 285 274 213 147 165 217 160 119 107 96 87 86 92 105 141 203 213 209 198 184 179 185 190 189 192 202 214 215 201 183 180 185 190 195 199 181 157 174 227 261 271 269 252 212 180 183 199 213 220 219 214 202 183
140 140 136 126 120 120 138 211 289 296 296 296 295 155 239 257 116 108 109 111 116 125 142 191 244 261 270 277 282 287 290 288 275 241 186 170 195 205 152 121 104 85 74 74 79 88 106 159 195 202 197 189 187 194 198 193 192 205 217 215 199 182 181 190 202 214 216 191 164 185 238 264 274 274 253 199 160 168 192 210 217 217 213 202 187
147 144 143 141 143 151 177 286 306 305 304 310 30 123 259 219 114 110 111 114 121 135 166 219 252 263 269 273 276 277 275 269 252 224 199 195 205 191 154 129 109 81 65 64 64 62 59 64 100 186 196 193 197 206 208 201 199 210 218 215 199 183 187 206 225 234 227 192 170 205 256 271 274 267 231 175 145 154 182 204 214 218 214 203 192
155 150 150 153 162 177 216 281 304 308 309 334 81 74 281 127 111 109 111 115 123 142 197 239 253 262 266 267 266 263 256 246 237 235 232 217 199 179 158 143 128 89 58 54 52 46 40 39 42 48 104 182 202 212 210 202 198 204 211 212 203 190 197 221 235 235 220 190 185 244 274 279 273 251 207 158 136 145 173 198 210 215 214 207 201
163 148 147 152 164 186 233 275 296 305 310 79 96 328 307 106 106 106 108 112 120 147 226 248 254 261 264 263 259 251 240 233 236 246 252 220 174 165 161 157 156 138 48 50 48 42 39 40 43 52 72 119 183 204 203 195 193 197 200 200 198 192 195 212 222 221 210 195 217 264 279 280 265 229 197 149 131 139 164 190 204 212 215 213 212
181 141 132 140 156 192 246 271 283 289 201 132 143 284 70 104 103 102 103 105 109 145 246 257 260 265 266 263 257 246 232 229 238 248 250 211 137 144 157 166 182 211 176 68 59 50 47 50 56 70 89 113 156 189 191 186 186 191 191 190 191 189 193 203 212 216 213 211 241 265 271 267 241 213 188 145 130 135 155 182 200 211 217 220 221
206 155 123 126 142 199 253 265 266 237 152 152 205 237 138 112 104 100 98 96 93 90 270 271 274 272 268 265 259 248 235 234 245 252 252 230 107 112 135 169 195 203 186 143 98 70 60 62 69 81 95 111 142 175 177 171 174 179 181 182 185 188 194 205 215 223 225 230 249 259 257 243 218 203 179 144 130 132 147 174 198 211 220 225 226
214 185 139 125 135 208 253 256 246 201 152 163 214 201 144 123 110 100 94 88 75 21 298 287 286 280 275 271 267 260 255 258 262 262 260 253 94 94 102 146 168 171 171 165 144 92 68 70 76 84 95 108 133 165 162 153 157 165 170 172 178 186 199 215 228 235 238 243 252 253 244 228 213 200 173 143 130 128 138 165 195 213 226 233 234
215 199 165 139 141 213 247 246 234 206 162 167 200 172 142 129 116 103 94 82 61 10 317 300 291 285 283 281 279 279 283 286 282 276 271 266 93 93 103 137 142 144 154 168 179 147 72 76 83 89 96 106 127 156 145 135 141 153 160 164 170 186 214 235 245 246 246 248 252 249 238 225 216 203 174 143 127 123 130 155 190 217 237 247 247
