Sardinia/Input files/Baratz/brz_asp5k.txt
ncols         493
nrows         490
xllcorner     4164107.4317416
yllcorner     1949299.3883036
cellsize      25
NODATA_value  -9999
[rows 266 to 303 of 490, columns 255 to 339 of 493]
17 41 51 52 32 284 252 234 221 212 206 205 206 195 177 169 189 234 264 275 271 256 114 98 94 91 90 90 88 88 91 132 163 139 123 121 194 249 255 259 265 266 263 257 246 239 246 258 272 295 48 69 73 78 90 109 131 147 150 144 130 112 101 102 122 162 189 206 215 212 200 185 170 160 163 196 238 254 256 245 204 136 110 105 106
27 27 31 31 15 345 322 301 272 247 234 231 228 218 202 214 268 285 291 290 275 226 132 108 98 92 90 89 87 84 83 103 139 141 136 142 190 231 244 253 260 261 256 247 235 233 247 262 269 240 136 110 100 97 99 108 123 139 150 153 145 125 113 114 126 147 172 200 213 211 199 184 171 166 178 221 251 258 253 226 184 147 120 108 108
327 0 18 25 10 346 338 338 331 309 284 270 263 262 273 296 302 303 305 307 281 173 141 118 102 93 90 88 84 77 73 83 111 133 144 156 184 216 231 240 247 247 241 232 222 218 225 231 215 177 161 153 143 130 122 123 129 139 151 162 159 138 126 126 134 146 164 193 210 208 196 184 176 181 210 250 263 260 241 196 170 155 135 115 107
276 324 7 23 7 338 332 343 347 336 310 289 278 274 280 292 297 298 300 313 119 141 142 127 105 95 93 90 84 76 74 84 103 124 147 162 177 201 216 223 227 226 222 218 211 206 204 201 189 175 169 170 167 154 142 139 141 146 157 170 166 143 130 131 140 150 164 188 205 203 193 184 186 207 244 269 273 259 216 169 159 157 148 128 114
254 282 344 19 7 336 324 337 353 348 315 283 267 259 260 265 268 266 254 189 133 133 140 129 104 98 99 101 101 101 103 106 113 125 149 164 166 184 204 214 215 212 212 213 209 200 194 190 183 176 174 178 177 162 149 148 152 157 167 175 168 142 128 129 139 154 167 184 196 196 190 186 198 226 252 270 277 254 173 148 149 153 152 141 129
241 253 287 4 3 344 333 341 3 10 319 264 248 242 242 242 237 228 211 183 155 142 141 121 102 101 107 115 124 133 135 130 126 132 154 163 154 164 193 208 208 206 210 217 217 203 187 181 176 174 177 187 186 164 148 150 158 166 174 181 171 141 123 122 132 152 168 178 185 188 188 192 210 235 252 265 274 229 133 128 135 145 150 150 152
231 234 236 261 337 344 341 353 25 46 35 245 236 234 234 230 220 209 200 191 182 176 167 115 101 104 111 121 131 139 145 142 137 140 160 162 145 147 179 202 202 204 213 223 227 214 183 164 159 164 178 196 197 168 145 147 157 167 177 186 179 143 118 113 119 141 159 167 173 182 192 205 224 243 256 264 270 121 111 112 120 132 142 155 183
221 218 217 221 238 285 332 8 45 59 55 281 243 237 232 223 210 200 198 201 207 212 202 138 108 105 109 116 123 132 140 143 142 147 165 160 138 135 162 194 197 203 217 226 224 211 186 164 153 156 175 199 205 181 148 140 148 160 177 192 190 151 117 106 108 122 141 152 161 178 203 225 242 255 263 266 267 106 101 103 109 121 133 154 193
214 209 210 216 224 232 251 11 54 57 42 7 319 259 227 211 200 197 202 212 222 222 203 158 118 106 104 105 107 113 123 133 137 148 171 159 129 123 148 193 195 200 218 223 217 205 190 175 162 160 173 198 210 200 165 138 136 149 174 199 202 164 120 105 101 107 119 130 143 175 223 247 260 268 268 264 250 129 103 101 106 120 137 157 200
224 213 215 225 232 236 238 244 53 49 30 9 1 10 173 185 192 199 209 221 228 222 200 166 128 107 98 94 93 95 101 115 127 145 182 165 114 108 128 204 213 182 206 215 211 203 196 186 173 166 173 199 217 215 189 141 125 134 168 206 213 179 127 106 96 91 90 91 92 117 267 270 274 274 266 252 225 160 116 106 109 125 148 171 212
290 296 286 270 261 255 248 243 76 46 25 11 22 67 114 152 186 207 219 227 229 220 198 171 137 110 95 87 84 83 88 104 122 145 203 190 105 98 111 201 221 168 157 198 207 207 205 199 187 174 175 204 225 225 210 152 116 120 157 211 220 193 138 110 91 74 62 52 39 5 312 290 280 270 254 234 210 174 132 115 117 132 157 184 209
302 315 319 311 296 279 261 243 213 155 76 65 93 102 110 128 183 224 232 232 226 214 196 175 146 118 99 86 79 77 83 95 114 145 223 209 114 107 122 180 207 188 142 156 220 228 225 217 203 187 184 212 230 232 226 175 113 112 145 215 227 206 153 115 84 59 42 32 22 3 331 301 277 253 231 216 203 181 143 124 123 135 156 187 210
285 296 306 312 309 293 268 238 209 192 177 159 146 128 115 110 196 255 247 232 217 206 196 182 155 129 111 93 79 74 75 81 87 106 230 193 129 124 140 175 197 198 184 180 263 259 245 227 210 194 193 212 230 237 237 199 114 108 133 223 237 222 173 124 79 46 32 26 19 4 337 301 258 223 205 200 199 184 150 129 125 129 144 189 217
275 284 290 298 305 292 256 223 203 194 179 162 156 149 131 100 329 288 260 218 199 196 197 190 164 135 122 107 85 71 67 65 61 58 153 157 133 133 149 178 198 205 206 211 223 223 214 206 197 190 196 215 234 245 245 210 117 107 122 241 252 244 205 135 72 38 34 40 44 34 301 230 203 188 184 189 195 186 156 132 124 124 131 188 224
268 274 277 279 277 243 214 204 198 194 178 159 158 165 172 192 285 276 228 178 175 188 201 200 171 137 124 113 88 68 62 59 57 57 78 121 123 129 150 183 204 214 220 223 208 186 185 188 188 190 204 227 245 253 247 208 124 109 120 257 263 260 240 167 127 72 84 101 119 145 172 181 174 167 169 180 190 186 163 136 123 121 130 188 239
257 262 263 260 238 190 190 195 196 194 177 157 158 177 199 212 211 199 182 164 161 184 211 210 177 135 117 102 73 60 60 61 60 56 61 87 103 114 139 186 210 219 223 220 191 164 167 179 186 196 219 240 251 250 237 195 139 124 150 242 249 238 208 185 182 171 143 130 135 150 169 175 166 157 159 172 185 184 170 145 123 117 129 218 263
241 247 248 241 213 181 182 192 197 194 177 159 160 180 201 204 193 186 183 179 174 204 232 217 180 135 98 58 34 47 59 63 61 54 50 64 80 92 114 177 209 216 218 212 184 158 159 174 190 213 237 248 248 236 213 183 157 150 175 213 219 206 192 187 185 178 160 146 144 154 169 175 164 152 153 166 179 181 174 156 132 119 130 248 271
229 235 236 228 208 189 187 196 200 193 178 164 162 175 190 193 188 188 194 206 230 276 280 200 181 159 35 12 13 38 58 64 61 52 45 55 71 83 98 150 199 209 213 207 185 162 160 179 208 237 251 252 241 214 190 176 167 167 182 200 202 195 189 189 186 179 166 154 152 160 172 176 166 153 151 163 176 180 175 164 150 141 164 254 274
223 227 229 224 212 202 201 206 203 191 177 166 163 167 177 185 190 197 212 231 252 274 56 135 183 245 310 346 9 42 63 68 65 54 48 60 78 90 101 128 180 204 213 208 188 169 170 195 226 246 252 247 225 190 174 171 172 175 185 195 195 192 191 192 187 179 168 159 157 165 174 176 167 155 152 162 176 179 173 167 168 173 197 251 274
217 221 225 223 218 215 217 221 212 192 171 159 158 161 166 180 200 219 235 248 255 253 133 125 197 262 285 319 23 69 81 81 74 62 57 74 89 98 109 125 143 213 228 217 192 173 179 206 227 236 237 228 202 172 163 169 177 182 188 193 193 194 196 194 187 178 170 160 159 166 175 176 165 152 150 160 174 176 168 165 176 193 219 254 271
207 212 220 223 224 227 232 235 227 200 153 142 150 160 169 191 233 251 256 257 254 237 154 132 227 266 273 279 107 106 101 94 85 71 67 80 88 93 98 97 18 335 302 250 182 167 180 206 219 220 216 207 186 164 159 169 182 188 192 193 194 198 201 196 186 179 171 162 159 166 179 180 153 132 134 150 170 172 157 152 179 218 240 257 266
185 190 214 228 234 239 242 243 235 207 139 129 141 164 189 224 255 262 260 256 247 226 173 156 240 264 263 214 130 123 114 105 95 79 69 75 76 71 51 14 359 349 348 20 99 139 168 197 208 206 202 195 180 163 158 172 187 194 196 197 199 204 203 196 185 179 174 165 162 172 202 223 104 95 102 120 155 159 133 124 191 248 252 257 260
163 156 215 241 248 250 250 246 234 201 141 124 133 168 212 236 247 249 245 241 233 216 190 186 230 248 239 176 137 131 125 116 108 94 70 67 63 51 30 13 8 5 10 44 77 105 141 182 198 198 194 189 177 162 160 174 191 199 202 205 207 206 201 192 184 180 176 170 170 191 237 267 42 78 85 92 111 124 110 107 250 266 259 254 252
154 123 245 261 261 259 256 249 228 194 149 127 129 174 225 233 231 227 224 221 218 210 199 199 218 227 211 169 144 138 136 132 129 131 99 70 58 44 28 17 14 17 28 50 69 82 98 143 184 190 189 184 172 158 156 175 200 210 213 216 214 205 195 188 183 180 178 175 180 211 245 260 47 84 86 88 93 107 111 115 280 277 261 251 248
176 41 307 283 274 268 263 252 221 190 157 133 128 179 228 225 217 212 210 211 211 209 206 206 211 210 194 167 149 145 147 147 150 160 153 102 70 49 32 22 21 28 40 54 63 66 66 70 107 164 179 177 157 138 135 173 227 234 231 227 219 203 190 184 182 180 179 179 189 220 241 243 187 106 97 94 94 101 108 146 266 266 252 249 248
306 337 324 303 288 278 270 256 219 187 162 138 125 195 240 225 210 205 207 210 211 210 211 211 207 200 185 164 151 149 153 157 161 169 168 138 96 64 39 26 27 38 51 59 60 55 50 49 53 69 110 143 107 85 62 3 299 273 252 234 217 199 186 182 181 181 180 181 193 221 235 230 190 131 111 103 97 96 101 167 243 236 241 251 251
314 327 326 316 301 288 279 271 244 189 154 110 48 342 320 311 262 210 212 214 211 210 214 214 207 196 180 160 147 147 156 165 166 168 166 148 114 71 36 22 30 47 58 60 52 43 38 38 42 47 45 42 52 43 25 1 334 304 260 226 207 193 185 182 182 181 180 181 192 216 228 221 192 152 129 120 111 97 99 152 226 222 237 250 251
317 324 324 319 308 297 291 294 323 359 7 8 357 345 343 352 7 17 359 205 201 205 214 216 208 197 181 159 142 141 158 191 180 93 119 130 115 54 10 5 27 51 58 54 41 30 27 30 36 41 40 37 32 13 4 1 356 346 229 193 190 189 189 188 184 180 175 172 183 205 218 215 197 173 157 156 145 108 101 132 211 216 231 239 236
317 324 325 317 306 298 297 304 336 1 1 358 348 338 340 354 14 29 49 112 168 195 212 216 210 202 191 164 138 131 271 312 347 32 62 83 96 338 322 334 17 49 55 47 33 23 24 30 38 44 45 45 33 347 344 2 21 47 108 152 173 190 202 205 194 174 155 152 167 192 209 211 202 191 183 181 168 127 108 121 185 203 217 217 212
316 327 333 321 301 291 289 294 323 6 357 345 328 318 323 350 30 55 76 101 134 183 214 220 217 216 212 185 133 44 309 311 345 51 76 90 122 243 274 291 356 52 56 47 31 22 28 40 49 54 55 56 41 330 329 4 43 71 102 130 159 195 220 230 220 153 126 130 149 179 203 210 208 203 198 191 178 151 126 127 157 180 194 196 196
311 327 343 331 298 280 270 257 200 171 189 212 244 259 261 225 108 106 107 109 116 169 228 234 236 243 252 276 351 347 323 303 123 109 111 124 159 202 232 242 224 94 81 70 49 37 50 64 70 70 69 67 47 323 319 14 66 88 107 125 152 198 225 228 209 160 127 124 137 169 201 213 214 212 207 196 184 169 152 142 144 152 167 179 187
297 318 350 341 300 276 258 221 174 173 188 202 213 219 213 185 146 131 127 120 108 81 270 262 263 271 285 313 342 353 0 85 147 142 139 148 170 189 204 208 191 153 133 132 143 147 130 112 101 92 83 75 47 322 314 46 89 102 114 126 150 195 218 214 194 169 140 127 133 163 205 219 220 216 210 199 189 183 175 162 141 129 137 158 181
269 282 341 346 307 277 244 189 164 171 191 206 211 207 199 182 154 139 140 143 131 330 298 281 277 282 293 313 337 2 44 100 136 150 154 161 174 182 186 188 180 162 151 152 160 163 157 146 132 116 98 79 39 328 322 84 101 110 119 129 149 188 207 202 188 172 149 132 133 162 211 224 222 215 208 201 196 195 196 187 146 113 111 129 171
240 244 256 320 279 238 199 167 158 170 193 207 209 200 191 177 157 147 155 179 208 252 279 277 276 278 285 298 322 17 74 99 122 145 159 168 176 176 172 172 168 159 152 152 156 159 160 157 150 136 113 81 29 338 3 93 102 110 119 127 145 179 197 194 185 174 154 135 133 164 219 229 221 210 204 203 204 209 215 213 166 105 98 101 138
227 230 220 192 190 188 177 162 157 169 190 202 202 197 188 171 153 150 167 196 215 226 238 259 268 269 269 267 262 109 97 98 105 125 151 166 175 172 160 155 154 149 143 142 143 147 152 157 158 152 138 92 15 349 58 93 99 105 112 120 135 167 187 188 184 176 156 133 126 164 235 237 221 205 203 209 216 224 232 234 186 112 100 99 125
223 226 213 191 186 184 176 164 159 168 186 196 199 201 195 167 144 146 171 202 218 223 231 249 261 260 253 237 210 159 115 99 92 98 125 154 172 171 154 141 133 127 122 120 120 123 132 146 157 167 180 209 313 1 80 92 95 98 102 107 118 145 173 182 187 184 157 115 86 12 285 260 228 204 208 224 235 243 249 252 183 115 110 113 143
227 228 215 196 191 190 181 168 161 167 182 193 202 212 211 164 127 132 169 212 226 230 236 247 255 253 241 220 196 168 132 104 90 91 108 138 167 172 156 136 117 105 99 98 98 100 106 121 144 174 210 235 254 44 90 91 92 93 94 96 101 119 149 175 198 211 203 39 20 1 340 316 264 214 232 250 257 260 263 264 141 112 117 123 146
241 238 223 207 202 199 190 174 163 166 180 196 215 232 234 162 106 106 146 233 239 238 240 243 245 240 229 208 189 174 151 121 102 98 106 126 161 173 160 142 120 104 97 93 92 92 95 103 121 174 233 250 254 168 99 93 91 89 88 89 94 105 127 168 216 244 276 332 353 1 7 12 13 300 266 267 267 267 267 265 123 112 120 127 143
