Sardinia/Input files/Baratz/brz_asp5k.txt
ncols         493
nrows         490
xllcorner     4164107.4317416
yllcorner     1949299.3883036
cellsize      25
NODATA_value  -9999
[rows 266 to 303 of 490, columns 340 to 424 of 493]
102 323 312 348 332 298 294 298 302 305 307 309 313 318 324 330 337 341 343 340 334 328 325 326 329 332 334 336 341 346 346 344 346 350 354 357 0 5 10 16 23 30 34 36 37 38 38 37 34 31 26 23 21 21 23 24 25 27 32 39 49 58 64 67 67 64 52 46 54 64 68 65 59 50 40 36 37 42 52 51 41 25 14 10 9
120 292 311 345 314 294 293 296 299 303 305 307 311 315 320 326 334 341 344 342 335 327 323 324 327 330 332 336 341 346 348 345 344 349 354 358 2 7 11 17 23 29 34 36 38 39 37 32 28 25 23 22 25 30 34 34 31 31 38 50 61 68 71 73 75 78 82 83 76 73 71 65 55 45 39 36 33 30 28 22 13 6 2 1 3
186 273 286 322 300 291 291 292 294 297 300 303 306 311 316 323 331 340 344 343 336 327 321 322 324 326 330 336 342 347 349 347 345 348 353 358 2 7 12 17 22 28 33 36 38 39 35 28 25 25 25 28 36 46 50 47 38 37 50 65 74 78 80 82 86 90 99 111 104 88 77 66 55 45 40 37 31 23 15 7 1 358 357 359 4
227 260 256 282 292 289 288 288 289 291 295 298 301 306 312 319 327 337 343 343 337 328 322 320 321 323 327 334 341 347 351 349 347 348 351 355 0 6 12 16 21 28 34 38 40 39 34 27 26 29 32 38 50 59 60 52 41 46 67 81 87 89 90 90 91 94 100 109 108 94 79 66 56 47 41 36 28 18 10 3 356 355 356 359 5
232 252 251 275 287 287 286 285 285 286 289 292 295 300 305 313 323 333 340 342 337 329 324 321 319 320 325 332 340 349 354 352 349 349 350 353 358 4 11 17 23 31 38 42 43 42 37 30 30 34 39 48 59 62 58 48 43 59 82 94 99 100 99 96 93 91 86 78 74 74 69 62 55 46 38 33 25 17 13 5 353 351 354 357 2
238 256 267 284 288 286 284 283 282 282 283 285 288 292 297 304 315 326 335 339 337 331 326 321 318 318 321 328 338 350 357 356 353 350 349 350 355 2 10 17 27 35 43 47 49 49 44 36 35 40 46 54 60 59 53 46 51 73 91 99 103 105 105 101 93 81 58 34 33 41 45 46 44 36 27 24 23 22 21 10 350 343 347 352 356
241 265 279 288 288 285 281 280 279 277 277 278 279 281 285 291 302 315 327 333 334 332 328 322 316 314 315 320 332 347 358 1 358 354 351 350 352 359 9 19 31 41 48 53 55 55 50 41 40 45 49 54 56 56 52 51 64 83 94 97 99 99 97 90 73 47 21 10 14 21 26 30 30 25 18 17 23 28 26 10 349 339 340 347 352
244 269 280 285 285 282 279 276 274 272 271 270 270 271 273 277 285 299 314 325 330 331 330 323 316 310 307 309 320 337 354 3 2 357 355 354 353 357 9 23 36 47 54 58 59 56 51 44 43 46 48 50 52 54 55 61 75 87 92 92 89 83 72 53 31 16 6 2 6 14 20 23 23 21 16 16 24 29 22 5 349 340 338 344 350
256 272 279 280 279 277 274 272 270 268 266 264 263 263 264 267 273 283 297 312 323 329 330 326 318 310 301 297 302 318 342 359 0 356 356 357 358 2 13 29 43 53 58 61 60 57 51 46 43 43 45 50 54 57 61 68 79 85 86 83 74 59 41 25 13 6 1 359 4 13 19 23 24 22 19 17 21 22 14 1 350 342 339 343 349
259 272 278 279 276 272 269 267 265 264 262 260 259 258 258 261 266 274 284 298 312 323 328 325 320 311 298 287 282 287 310 342 348 344 347 355 4 14 27 43 53 59 62 62 61 57 52 47 42 40 46 55 60 64 67 71 76 78 76 67 52 36 23 14 7 2 359 359 5 15 22 25 27 26 24 19 16 13 7 358 352 345 341 343 348
246 265 274 278 276 271 268 266 264 262 261 259 258 256 255 256 259 265 274 284 297 311 320 319 313 303 289 277 270 274 294 328 334 322 309 321 2 29 47 58 62 63 63 63 61 57 52 47 42 40 48 58 63 66 69 70 70 68 61 49 35 23 15 10 6 2 0 1 9 19 25 29 32 31 29 22 10 3 359 354 351 347 343 345 349
237 259 268 272 272 270 268 266 265 264 264 262 259 256 254 253 255 258 263 271 280 293 306 308 300 289 276 268 266 269 277 299 286 187 191 199 203 165 69 64 60 58 60 60 58 55 51 46 42 43 50 58 61 64 66 65 62 57 48 36 26 18 12 8 6 4 2 5 14 23 28 33 36 36 33 23 8 355 350 348 347 345 344 348 355
236 255 261 263 264 266 266 266 267 267 267 265 262 258 255 254 254 256 259 262 267 274 287 301 303 293 271 256 249 242 226 193 171 169 173 184 196 203 181 74 52 48 52 53 51 49 46 43 42 45 51 57 60 61 60 57 52 46 39 30 23 18 13 10 7 6 5 9 19 27 33 37 40 40 36 27 10 351 341 338 338 338 341 350 9
241 255 257 256 258 262 265 267 269 269 269 268 265 262 259 257 257 257 258 258 258 258 266 285 301 300 246 223 216 207 198 184 174 171 172 180 193 207 214 198 54 41 43 42 42 42 41 41 42 46 53 58 59 58 55 50 44 40 35 31 26 21 18 15 10 8 8 14 24 33 40 45 47 47 45 39 24 354 322 306 304 308 318 352 58
254 259 257 254 256 261 265 268 270 270 270 270 268 266 263 260 259 258 257 256 253 250 251 254 249 195 172 182 189 190 190 184 176 172 173 180 193 211 222 224 219 34 29 30 35 39 40 42 46 51 56 59 58 55 51 46 42 40 39 37 34 30 28 24 19 16 17 26 37 43 49 54 58 60 62 63 60 61 210 217 223 226 215 176 145
268 264 259 257 260 265 268 270 270 270 270 269 269 267 264 262 260 259 257 254 250 244 238 227 203 174 164 168 177 184 188 185 178 173 176 185 199 219 231 235 235 251 350 10 29 40 46 51 55 59 61 60 57 53 49 47 46 48 50 52 52 51 49 49 57 72 88 85 71 64 65 69 72 75 79 84 96 127 161 188 210 218 210 187 172
272 267 264 264 267 269 270 270 269 267 266 265 264 263 261 261 262 260 257 253 247 238 228 212 191 173 164 164 172 181 186 185 179 175 181 195 212 230 240 244 245 250 287 322 15 50 64 70 72 70 67 62 57 54 53 55 59 65 70 74 79 84 92 106 123 141 155 155 133 100 88 85 84 84 87 93 108 134 153 177 211 221 215 204 199
275 272 270 270 272 272 270 268 266 263 261 259 258 257 257 259 261 260 257 251 243 233 219 203 186 174 166 162 170 179 183 184 179 179 190 208 225 238 246 249 250 253 275 295 19 88 95 96 95 90 80 70 64 63 65 71 78 86 94 101 107 117 127 128 132 146 163 168 156 132 114 103 96 93 93 96 108 131 156 177 197 207 208 206 204
278 276 274 274 275 275 272 268 264 260 257 255 254 254 255 257 258 257 254 248 239 227 212 197 185 177 169 162 166 175 181 182 179 183 199 218 231 242 249 251 248 245 249 234 148 129 125 123 120 116 107 93 85 84 88 94 100 107 115 122 129 138 146 146 145 156 171 173 163 149 136 126 117 110 106 103 107 123 150 172 185 195 201 204 202
276 277 275 276 277 276 271 266 261 257 254 253 252 254 256 256 256 254 250 244 234 221 207 193 184 179 172 164 165 172 178 179 179 187 207 223 235 244 249 248 243 235 218 178 151 142 140 141 142 143 142 132 118 111 111 114 116 120 126 132 138 146 155 162 167 172 177 177 169 158 147 141 135 131 127 121 116 120 139 162 179 190 199 204 202
271 273 273 272 273 272 267 262 258 255 253 252 253 253 255 256 255 251 246 239 229 215 201 188 183 180 174 167 166 172 177 177 181 195 217 232 243 249 251 249 241 226 195 162 149 144 145 149 154 159 161 155 141 129 124 123 122 123 127 132 136 143 155 167 174 178 181 180 173 162 152 145 142 143 145 143 133 125 132 151 171 188 200 205 204
262 264 265 266 266 264 261 258 257 255 254 253 252 252 253 253 251 247 240 232 222 208 194 184 180 179 176 172 170 175 178 179 187 208 231 247 255 259 259 256 242 214 174 150 143 142 145 150 158 166 170 166 153 139 130 126 123 122 123 125 128 134 146 164 177 183 186 185 177 164 151 142 140 144 150 154 146 131 128 141 163 185 201 205 204
252 252 254 258 259 256 252 253 256 256 255 254 252 251 251 250 247 241 235 227 216 202 189 180 176 177 177 175 175 178 181 184 200 225 246 259 266 268 268 262 242 193 154 139 135 137 140 147 157 168 174 170 160 147 136 129 125 121 119 117 116 118 128 151 177 187 190 189 181 166 151 139 136 138 144 154 149 126 115 122 146 177 198 202 201
246 243 245 249 249 246 246 251 255 254 253 252 252 251 250 248 245 240 234 225 213 197 185 177 174 175 178 179 180 183 186 195 218 242 257 266 271 274 274 268 232 161 136 127 125 129 136 144 155 167 173 170 163 152 140 131 126 122 117 113 109 106 109 128 164 183 188 189 184 171 153 139 132 129 130 140 136 104 93 94 110 153 191 198 195
244 240 239 242 241 239 243 250 253 251 249 249 249 249 248 247 244 240 234 225 212 194 180 173 170 174 181 185 187 190 196 213 238 254 263 268 271 273 274 265 194 140 124 116 115 121 131 142 154 165 171 170 165 155 142 131 125 121 117 112 107 102 102 113 143 169 181 187 187 178 159 140 128 117 109 104 73 69 71 72 75 87 152 184 183
246 239 237 238 239 239 244 250 251 248 246 246 246 245 245 244 243 239 234 225 210 190 175 169 167 174 185 191 195 201 212 233 250 260 264 267 269 268 262 232 164 140 125 115 113 117 126 138 150 162 169 171 167 160 149 137 129 125 122 116 108 102 101 107 125 151 171 183 188 185 171 149 132 116 101 59 6 43 57 61 60 58 66 115 151
245 237 235 238 241 243 247 250 250 248 244 242 241 241 241 242 241 238 232 222 207 187 171 165 165 173 188 200 207 214 226 241 253 260 263 264 262 257 241 198 162 147 133 122 117 116 122 133 145 156 166 171 170 167 160 150 141 137 135 129 116 107 104 107 117 134 157 175 186 191 186 173 158 140 118 330 337 29 53 58 57 54 60 80 110
231 228 230 238 245 248 249 249 248 245 241 238 238 238 240 241 240 237 231 220 205 186 170 162 163 174 193 210 218 222 231 243 253 258 260 259 254 244 223 187 164 151 138 127 119 116 117 125 136 148 160 169 172 171 167 162 157 153 151 146 132 117 109 109 115 126 144 163 180 192 194 189 185 179 203 285 307 40 64 63 60 59 66 78 92
212 218 228 242 251 253 251 249 246 241 235 234 236 238 240 240 240 237 231 220 204 186 171 162 164 176 197 214 219 222 233 245 253 256 256 252 246 234 212 185 164 152 140 128 119 114 112 114 121 134 149 163 170 171 169 168 169 170 167 160 148 131 118 115 118 126 138 153 172 191 199 202 208 214 235 253 226 146 101 73 63 63 67 72 81
203 217 233 251 261 261 256 249 242 235 230 230 233 237 240 242 241 238 231 219 202 186 173 165 166 178 197 211 216 223 235 246 252 254 252 247 239 227 210 186 163 148 135 123 115 111 107 105 108 116 130 148 161 165 166 169 176 183 180 170 158 142 127 122 123 129 138 149 167 191 208 217 223 226 230 227 185 161 155 87 61 60 61 64 73
201 221 239 255 265 266 260 249 238 230 225 226 231 238 243 245 243 239 231 217 201 187 175 168 170 179 193 207 218 229 240 247 251 252 248 241 232 222 211 192 165 142 126 114 108 106 105 102 99 98 102 114 132 143 150 162 181 193 189 175 162 148 135 128 128 133 140 150 168 195 217 224 224 223 223 215 181 166 192 200 53 56 58 64 71
203 228 245 255 261 262 257 246 232 224 221 224 232 240 245 246 244 240 231 216 200 187 177 171 173 182 194 211 227 238 244 248 250 247 241 233 227 221 215 200 175 145 123 109 101 98 98 95 90 84 80 80 86 97 109 129 173 196 191 175 161 149 139 133 133 138 145 157 176 202 222 224 219 218 220 214 193 182 214 234 74 67 70 74 76
213 241 253 256 256 253 247 236 222 219 221 227 235 243 246 246 244 238 228 212 197 185 177 173 177 188 203 222 236 242 245 247 246 241 233 228 226 223 217 205 185 157 129 109 97 90 87 85 80 75 71 68 70 74 79 87 123 178 182 170 157 146 138 134 134 139 148 165 189 210 220 218 212 213 217 216 209 206 216 226 205 108 92 88 85
238 258 261 258 252 245 235 223 213 216 225 231 239 245 247 246 241 234 221 207 194 183 176 177 185 199 214 228 237 241 243 244 242 236 230 228 228 225 218 206 191 170 143 118 100 88 82 78 75 71 68 67 68 69 72 77 92 132 158 157 149 141 135 131 131 136 149 174 197 208 211 208 205 209 216 219 219 216 211 213 200 141 109 98 92
239 260 262 258 248 237 225 214 208 212 222 233 242 247 246 242 236 227 214 203 193 182 178 183 195 208 219 228 235 239 242 243 239 234 231 231 230 225 216 206 194 179 158 136 115 97 86 80 75 71 69 67 67 68 69 71 76 92 120 134 135 132 130 129 128 133 149 178 196 201 203 200 200 206 216 223 225 219 206 202 193 158 122 107 100
209 245 253 249 238 226 216 209 205 207 220 235 244 246 242 237 230 221 210 202 193 185 184 191 203 214 223 230 237 241 244 243 238 235 235 235 233 226 215 204 195 184 169 151 133 113 97 86 78 72 67 63 62 62 62 63 63 69 84 102 113 116 118 120 123 129 148 177 192 197 197 194 196 205 217 226 227 218 203 196 190 169 138 119 109
192 228 239 235 226 216 209 207 205 210 227 240 244 242 238 233 227 219 211 203 196 192 192 199 209 219 228 236 243 248 250 248 242 239 239 238 233 224 211 200 193 187 178 163 146 126 109 96 83 71 62 57 56 56 56 55 53 56 65 78 90 98 103 107 112 120 141 172 188 191 187 186 195 209 222 229 227 215 199 190 186 175 153 135 121
180 218 230 227 218 210 207 208 210 220 235 243 245 243 239 234 229 222 214 208 204 201 202 208 216 226 235 241 247 252 253 249 243 241 239 234 226 216 204 194 190 189 187 178 162 140 124 111 95 75 59 53 52 53 52 49 48 50 56 65 75 83 90 95 100 108 129 162 181 182 174 176 195 214 225 229 223 209 194 185 182 176 163 151 138
