Sardinia/Input files/Baratz/brz_elev5k.txt
ncols         493
nrows         490
xllcorner     4164107.4317416
yllcorner     1949299.3883036
cellsize      25
NODATA_value  -9999
[rows 234 to 272 of 490, columns 356 to 444 of 493]
55 55 55 55 55 56 56 56 56 57 57 57 59 60 63 65 68 70 73 77 81 85 90 96 102 108 113 119 124 129 134 137 140 142 143 143 143 143 143 142 140 137 134 131 126 121 116 111 106 101 97 93 90 88 85 82 79 77 75 73 71 69 67 65 63 61 61 61 62 62 62 62 61 61 61 61 60 59 57 56 54 53 52 51 50 49 49 49 48
55 55 55 55 55 55 56 56 56 57 57 58 59 62 64 67 71 73 77 81 85 90 95 101 107 112 117 122 127 132 137 140 143 145 146 146 146 146 146 145 144 142 140 136 132 128 123 118 113 108 104 101 98 95 92 89 87 84 82 79 76 73 70 68 66 65 64 64 65 66 65 65 64 64 63 63 62 61 60 58 56 54 53 51 50 49 49 49 48
54 54 54 55 55 55 55 56 56 57 57 58 60 62 66 70 73 76 80 84 89 93 99 104 110 115 120 124 128 133 137 142 145 146 146 147 147 147 147 147 146 146 144 142 138 134 130 125 120 116 112 110 107 104 101 97 95 92 89 86 82 78 75 73 71 69 68 69 69 70 69 69 68 67 66 65 65 64 63 61 59 57 54 53 51 50 49 48 48
54 54 54 54 55 55 55 56 56 57 57 59 60 63 67 72 75 79 83 87 92 97 102 107 112 117 122 125 129 132 136 140 143 145 146 147 148 148 148 148 147 146 145 144 142 139 136 131 127 123 120 118 116 113 110 106 103 100 97 93 88 84 80 78 75 74 73 74 74 74 74 73 72 71 70 69 68 67 66 65 63 60 57 55 53 51 49 49 48
54 54 54 54 55 55 55 56 56 57 58 59 61 64 68 73 76 80 85 89 94 99 104 109 114 118 122 125 128 131 134 137 140 142 144 145 146 147 147 147 148 147 146 145 143 142 139 136 133 130 128 125 123 121 118 115 112 109 105 101 96 91 86 83 81 79 79 79 80 80 80 79 78 77 75 74 72 71 70 69 66 63 60 57 55 52 50 49 48
53 54 54 54 55 55 55 56 56 57 58 59 61 63 68 72 76 81 86 91 96 101 105 109 113 117 120 124 126 128 130 133 136 138 140 141 142 144 145 146 147 147 147 145 144 142 141 139 137 135 133 131 129 127 125 122 120 116 113 108 103 97 93 90 87 86 85 85 86 86 86 85 84 83 81 79 77 75 74 73 70 67 63 60 57 54 52 50 49
53 53 54 54 54 55 55 56 56 56 57 59 60 63 67 71 75 81 86 91 96 101 105 108 111 115 118 120 123 125 126 128 130 133 135 136 138 140 141 143 145 145 145 145 144 143 141 140 139 137 135 133 132 130 129 128 126 123 119 114 109 104 99 96 94 92 92 92 92 93 93 92 91 89 87 85 83 80 79 77 74 70 66 63 59 56 53 51 49
52 53 53 54 54 55 55 56 56 56 57 58 60 62 65 69 74 79 84 90 95 99 103 106 109 111 114 116 118 120 121 123 125 128 130 131 133 135 137 139 140 141 142 142 141 141 140 139 138 137 136 135 133 131 130 129 129 127 124 120 115 110 105 102 100 98 98 98 99 99 99 99 97 95 93 91 88 86 83 81 78 73 69 64 61 57 54 52 50
52 52 53 53 54 55 55 55 56 56 57 58 59 60 63 67 71 76 82 87 92 97 101 104 106 108 109 111 113 115 117 119 121 123 125 126 127 129 131 133 135 136 137 137 138 137 137 136 136 135 134 134 133 132 131 130 129 129 127 123 119 114 111 108 105 104 104 104 105 105 105 105 103 102 100 97 94 91 88 84 81 76 71 66 62 58 56 53 51
52 52 53 53 54 55 55 55 56 56 57 57 58 59 61 65 69 74 79 84 89 94 97 100 102 103 105 106 108 110 112 114 116 117 119 120 121 122 124 126 128 130 131 132 132 132 132 132 131 131 130 130 131 131 131 130 129 128 127 125 121 117 114 111 109 107 107 108 110 110 110 109 108 107 105 102 99 96 92 88 83 79 74 68 63 59 56 54 52
52 52 53 53 54 54 55 55 56 56 57 57 58 59 61 64 68 72 77 82 87 91 94 96 98 100 101 102 104 106 108 109 111 112 113 113 114 115 117 118 121 123 124 125 126 126 126 126 125 125 124 125 125 126 128 129 129 128 126 125 122 118 115 112 109 108 109 111 112 113 113 113 112 111 109 106 103 99 95 90 85 81 76 71 65 60 57 54 52
52 52 53 53 54 54 55 55 56 56 57 57 58 59 61 63 67 71 75 80 84 88 91 93 96 97 98 99 100 101 103 104 105 106 107 107 107 108 109 111 113 115 117 119 119 120 119 119 119 118 117 118 119 120 122 123 124 125 124 123 121 118 115 112 108 107 108 111 113 114 114 114 114 113 110 108 105 101 97 92 87 82 77 72 66 61 57 54 52
52 53 53 53 54 54 55 55 56 56 57 58 59 60 61 64 67 71 75 78 82 85 88 91 93 95 96 96 96 97 98 99 100 101 101 101 101 102 102 104 106 108 109 111 112 112 112 111 111 110 109 110 111 112 114 117 119 120 120 120 118 116 113 111 109 108 108 111 112 114 115 115 115 113 111 108 105 102 97 92 87 83 77 72 67 62 57 54 52
52 53 53 53 54 54 55 55 56 57 57 58 59 61 62 64 67 71 74 77 80 83 86 89 91 93 93 93 93 93 94 95 96 96 96 96 96 96 97 98 99 101 102 104 104 104 104 103 102 102 102 102 103 105 107 110 112 114 115 114 113 112 111 109 108 108 109 110 112 113 114 115 115 113 110 108 104 101 96 92 87 83 78 72 67 63 58 54 52
52 53 53 53 54 54 55 55 56 57 58 59 60 61 63 65 68 71 74 76 79 82 85 87 89 90 91 91 91 91 92 93 93 93 93 92 92 92 93 93 94 95 96 97 97 97 96 95 94 94 95 95 97 99 101 103 106 107 108 108 107 107 107 107 107 108 109 110 111 112 113 114 113 112 109 107 103 99 95 91 86 82 77 72 67 63 58 54 52
53 53 53 53 54 54 55 55 56 57 58 59 60 61 63 66 69 71 74 76 78 81 83 86 87 89 89 90 90 90 91 91 91 91 90 90 90 89 89 90 90 90 90 90 90 89 88 88 87 88 89 90 91 93 96 98 99 101 101 101 102 102 102 103 104 105 106 107 109 110 111 111 111 109 107 105 101 97 93 89 85 80 76 71 66 62 58 54 51
53 53 53 54 54 54 54 55 56 57 59 60 61 63 65 67 70 72 74 77 79 81 83 85 87 88 89 90 90 90 91 91 90 90 89 89 88 88 87 87 86 86 85 84 83 83 82 81 82 82 84 85 87 89 91 93 94 95 95 95 96 97 98 99 100 101 102 104 106 107 107 108 108 107 105 103 99 95 91 87 83 78 73 69 64 60 57 53 51
53 54 54 54 54 54 54 55 56 58 60 62 64 65 67 69 72 74 76 78 80 82 84 86 87 88 89 90 91 91 91 92 91 90 90 89 88 87 86 85 84 83 82 81 79 78 77 77 78 79 80 81 83 85 87 88 88 89 89 89 90 91 92 94 95 96 98 100 102 103 103 104 104 104 102 99 96 93 89 85 80 75 70 66 62 59 56 53 50
54 55 55 55 55 55 55 56 58 61 63 65 67 69 71 73 76 78 80 82 83 85 87 88 89 90 90 91 92 93 93 93 93 92 91 90 89 88 86 85 84 83 81 78 77 75 75 75 75 76 77 78 80 81 82 82 82 82 83 83 84 86 87 88 90 92 94 96 98 99 99 100 100 99 97 95 92 89 86 81 77 72 67 63 60 57 55 52 50
56 56 56 55 55 55 56 58 61 64 67 70 72 74 76 78 81 83 85 87 89 90 91 92 92 92 93 93 94 95 95 95 95 93 92 91 89 88 86 85 84 82 80 78 76 75 74 73 73 74 75 76 77 77 78 77 77 77 77 78 79 81 82 83 85 87 89 91 93 94 95 95 95 94 92 90 87 84 80 76 72 68 64 60 58 55 53 51 49
58 57 57 56 56 57 59 61 64 67 71 74 77 80 82 84 87 89 91 93 95 97 97 97 97 96 96 96 96 97 98 98 98 96 95 93 91 89 87 86 84 82 80 78 77 75 74 73 73 74 74 74 75 74 74 73 73 73 73 74 75 76 77 79 81 83 85 87 89 90 90 91 90 90 88 85 82 78 74 71 68 64 61 58 56 54 52 50 48
59 59 58 57 57 59 61 64 68 71 75 79 83 86 88 91 93 96 98 100 102 104 104 104 103 101 100 100 99 100 101 102 101 100 98 97 95 93 90 88 85 83 81 79 77 76 75 75 74 74 73 73 73 72 71 70 70 70 70 71 72 72 73 75 77 79 81 83 84 85 86 86 86 85 84 81 77 73 69 66 64 61 59 57 55 53 51 49 48
61 61 60 59 60 62 64 68 72 77 81 85 90 93 96 98 100 103 105 107 109 110 111 111 109 107 106 105 104 105 105 106 106 104 103 101 99 97 94 91 88 86 83 80 79 78 77 76 75 75 74 73 72 71 70 69 68 68 68 68 68 69 70 71 73 75 76 78 79 81 82 82 82 81 79 77 73 70 66 63 61 60 58 56 54 53 51 49 47
62 62 62 63 64 65 68 72 77 82 87 92 96 99 102 105 107 110 112 114 116 117 118 117 116 114 113 111 111 110 110 110 110 109 107 106 104 102 99 95 92 89 86 83 81 80 79 79 78 77 75 73 72 71 70 68 68 67 66 66 66 66 67 68 69 70 72 73 74 76 77 78 77 76 74 72 70 67 64 61 59 58 57 55 54 52 50 48 46
63 64 65 66 68 70 74 78 83 88 93 98 102 105 108 111 114 117 119 121 123 124 124 125 123 122 120 119 117 116 115 114 114 113 112 110 108 106 103 100 96 92 89 86 84 83 82 82 81 79 77 75 73 71 70 68 67 66 65 65 64 64 64 65 65 66 68 69 70 71 72 72 72 72 70 69 67 65 63 60 59 57 56 54 53 51 49 47 46
64 65 68 70 73 76 80 85 89 94 99 103 107 111 114 117 120 123 125 127 129 131 132 132 130 129 127 125 123 121 120 118 117 116 115 114 112 110 107 103 99 95 91 88 87 86 86 85 84 82 80 78 75 72 70 68 67 65 64 63 63 63 63 63 63 63 64 65 65 66 67 67 67 67 67 66 65 64 62 60 58 56 55 53 51 50 48 46 45
66 68 71 73 77 82 86 91 96 101 105 109 113 117 120 123 126 129 131 134 136 137 138 138 137 135 134 131 129 126 124 122 121 120 118 117 115 113 109 106 101 97 93 91 89 88 88 88 86 84 82 80 77 74 71 68 66 65 64 63 62 62 62 61 61 61 61 61 61 62 62 63 63 63 63 63 63 62 61 59 57 55 53 52 50 49 48 46 45
70 72 75 78 83 88 93 98 103 108 112 116 120 124 128 131 134 136 138 140 142 143 144 144 143 142 140 137 134 131 129 127 125 123 121 119 117 114 111 107 103 99 96 93 92 91 91 90 88 86 84 81 78 75 72 68 65 63 63 62 62 61 61 60 60 59 59 58 58 59 59 60 60 60 60 60 61 60 58 57 55 53 51 50 49 49 47 46 45
75 77 80 85 90 95 101 107 112 116 120 124 128 132 136 139 141 143 145 146 148 149 150 150 149 147 145 143 139 136 134 131 129 126 123 120 118 115 112 109 105 101 99 96 95 94 93 92 90 88 86 83 80 76 72 68 64 62 62 62 62 61 61 60 59 58 58 57 57 57 57 57 57 57 57 57 57 57 55 54 52 51 50 49 49 48 47 46 45
82 85 89 93 98 104 110 116 122 126 130 134 138 141 145 147 149 151 152 154 155 156 156 156 155 153 150 148 144 141 139 136 133 129 125 122 119 117 114 111 108 105 102 100 98 97 95 93 91 89 86 84 81 78 74 69 64 62 62 61 61 61 60 59 58 58 57 57 56 56 56 56 56 56 55 55 55 54 53 52 51 50 49 48 48 47 47 46 45
91 95 98 102 107 113 119 126 132 136 140 144 148 151 153 155 157 158 160 161 162 162 162 161 160 158 155 152 149 146 143 140 136 133 129 125 122 120 118 115 113 110 108 105 102 100 97 94 92 89 87 85 83 81 76 70 65 62 62 61 61 61 60 59 58 58 57 57 57 56 56 56 55 55 54 54 53 52 51 50 50 49 48 48 47 47 46 45 44
101 105 109 113 117 123 129 135 141 146 150 154 157 159 161 163 164 166 166 167 168 168 167 166 165 163 160 156 153 150 147 144 140 137 133 130 127 125 123 121 119 116 113 110 107 103 99 96 93 90 89 87 86 83 79 73 67 64 62 61 61 61 60 59 58 58 57 57 57 57 56 56 55 54 54 53 52 52 51 50 49 48 48 47 47 46 46 45 44
113 117 120 123 127 132 139 144 150 154 158 162 164 166 167 169 171 172 173 173 173 173 172 171 169 167 164 161 157 154 151 148 144 141 138 136 133 131 128 126 124 122 119 115 111 106 101 97 94 91 90 89 88 85 81 75 70 66 63 62 61 61 60 60 59 58 58 58 57 57 57 56 55 54 53 52 52 52 51 50 49 48 47 47 46 46 45 45 44
124 128 130 133 136 141 147 153 157 162 165 168 171 172 173 175 176 178 179 179 179 178 177 176 174 172 169 165 162 158 155 152 149 146 144 142 140 137 133 131 128 126 123 120 115 109 103 99 95 92 90 90 88 86 83 78 73 69 66 64 63 62 61 60 60 60 59 59 59 59 59 58 56 55 53 52 52 51 51 50 49 48 47 46 46 45 45 45 44
133 137 140 142 145 149 154 159 164 168 172 174 176 178 179 180 182 183 184 184 184 183 182 181 179 177 174 170 166 163 159 156 154 152 150 147 145 141 137 134 131 129 127 123 117 110 105 100 96 92 90 89 88 87 84 79 76 73 70 67 65 64 63 62 62 62 62 62 62 62 62 61 59 57 55 53 52 51 51 50 49 48 47 46 46 45 45 44 44
142 146 148 150 152 156 160 165 169 173 177 180 182 184 185 186 187 188 188 189 189 189 188 187 185 182 179 175 171 167 164 161 159 157 154 152 148 144 139 136 133 132 129 124 118 111 105 100 95 92 90 89 88 86 84 81 78 75 73 70 68 66 66 65 65 66 66 66 66 65 65 64 63 61 58 56 53 52 51 51 50 49 48 47 46 45 45 44 44
149 152 155 157 159 162 166 170 174 178 182 185 188 189 190 191 191 192 193 194 194 194 193 192 190 187 184 180 176 172 168 165 163 161 158 155 151 146 141 138 136 134 130 124 117 110 105 100 95 92 90 88 87 86 84 82 80 77 75 73 71 70 69 69 69 69 70 70 70 69 69 68 66 65 62 58 56 53 52 51 50 49 48 47 46 45 45 44 43
154 158 161 163 165 168 171 175 179 183 187 191 194 195 195 195 196 196 197 198 198 198 198 197 195 192 189 184 180 175 172 169 167 164 161 158 153 148 144 141 138 135 131 123 115 109 103 99 95 92 90 89 88 87 85 84 82 79 78 76 75 73 72 71 71 72 73 73 74 74 74 73 71 69 66 62 58 56 54 53 51 50 48 47 46 45 45 44 43
159 163 166 169 171 174 176 180 183 188 192 196 198 200 200 200 200 200 200 201 201 202 202 201 199 196 193 188 183 179 175 172 170 167 164 160 156 151 147 144 141 136 130 122 113 107 102 98 95 93 91 91 90 89 88 86 84 82 81 80 79 77 75 74 74 75 76 78 78 79 79 79 77 75 71 67 62 59 56 54 52 50 48 47 46 45 44 44 43
