Sardinia/Input files/Baratz/brz_elev5k.txt
ncols         493
nrows         490
xllcorner     4164107.4317416
yllcorner     1949299.3883036
cellsize      25
NODATA_value  -9999
[rows 156 to 194 of 490, columns 89 to 177 of 493]
167 181 197 214 230 245 262 277 289 299 305 309 310 309 308 306 304 301 299 295 290 284 276 268 260 253 246 240 234 229 223 217 212 208 204 202 202 202 202 204 208 214 220 225 229 231 231 229 227 224 220 218 217 216 217 217 219 220 222 224 225 226 225 224 222 221 219 217 213 208 202 194 186 179 173 169 165 161 157 153 148 144 139 134 130 127 125 125 126
170 185 201 218 234 249 264 278 289 297 302 304 303 302 301 300 299 298 296 293 287 281 273 265 256 249 243 236 230 225 220 215 210 205 201 200 200 200 201 203 207 214 221 228 233 236 235 233 230 226 222 220 219 219 220 221 223 225 227 229 230 230 230 229 228 226 224 221 218 213 207 199 190 183 178 173 169 165 160 154 149 145 140 136 133 131 130 130 131
176 192 208 225 242 257 270 283 292 298 300 300 298 296 294 294 294 293 292 289 284 278 270 261 251 243 237 231 225 220 215 210 205 201 197 195 195 196 197 199 204 211 221 230 236 238 238 235 231 227 223 222 221 221 222 224 226 228 230 232 233 233 234 234 233 231 228 225 221 217 210 202 194 187 182 177 172 167 162 156 151 146 142 139 136 135 135 135 136
185 202 218 236 253 268 280 290 297 301 300 297 293 290 288 287 287 287 286 284 280 273 265 255 244 236 229 224 218 213 209 204 200 194 191 189 189 190 191 194 199 207 218 228 235 238 238 236 231 227 224 223 222 223 225 226 229 231 233 234 235 236 237 238 237 234 231 227 223 219 212 204 197 191 186 181 175 169 163 157 152 148 145 142 140 139 140 140 140
197 214 231 249 265 279 290 298 303 303 300 294 289 284 282 280 280 280 280 278 274 268 258 247 235 226 221 216 211 206 201 197 192 186 182 181 181 183 184 187 193 201 212 223 231 235 236 233 230 227 226 225 225 225 227 229 231 233 235 236 236 237 239 240 239 237 233 229 224 219 213 206 199 194 189 184 178 172 165 159 154 150 147 145 143 143 143 144 143
205 222 240 257 272 285 295 304 305 303 297 290 283 278 274 273 272 272 272 271 268 260 250 238 226 217 212 208 202 196 191 186 181 176 173 172 173 175 177 181 187 195 205 215 224 229 231 230 229 228 228 228 228 228 230 232 234 236 237 237 238 238 239 240 239 238 234 230 224 219 213 207 201 196 191 185 179 173 165 159 155 152 149 147 146 145 145 145 145
210 228 244 261 276 288 295 300 299 296 290 284 277 271 266 264 263 263 264 263 260 252 241 229 218 210 204 199 193 186 179 174 169 165 163 163 164 167 171 176 182 189 197 206 215 221 225 227 228 229 230 230 230 231 233 235 237 238 239 239 239 239 239 240 239 238 235 230 224 219 213 207 202 197 192 186 179 172 165 159 156 153 151 149 147 147 146 145 145
217 234 250 266 280 289 294 296 293 288 282 276 269 262 257 254 253 254 254 254 251 243 233 223 213 204 196 190 182 175 168 163 159 155 153 154 156 160 165 171 178 184 191 199 207 215 221 225 228 230 231 231 231 233 235 238 239 241 241 240 239 239 239 239 238 237 234 229 224 218 213 208 203 197 191 184 177 170 163 158 155 153 151 149 148 147 146 145 144
226 242 257 271 282 288 290 289 285 279 272 266 259 252 247 244 243 243 244 243 240 234 225 216 206 196 188 179 170 163 158 153 149 146 145 146 149 154 160 167 175 182 189 196 204 212 219 224 229 231 231 231 233 236 239 241 242 243 242 241 239 239 239 238 237 234 232 228 223 217 212 207 202 196 189 182 174 166 160 156 154 151 150 148 147 146 145 144 143
234 250 263 274 281 284 283 280 275 268 261 255 248 241 237 234 233 234 234 232 229 224 216 207 198 188 178 168 158 152 148 145 142 139 138 139 143 149 156 164 172 180 188 196 205 212 219 225 229 231 232 233 236 239 242 244 244 245 244 242 240 238 236 235 233 231 230 226 222 217 212 207 201 194 187 178 170 162 156 152 150 149 147 146 145 144 143 142 141
243 258 269 277 281 280 276 271 265 257 249 242 235 228 224 223 223 224 224 223 220 215 207 198 189 179 169 157 147 141 140 137 134 132 131 133 137 144 152 161 169 179 188 197 206 214 220 225 229 232 234 236 239 242 244 246 246 246 245 242 239 236 233 231 229 228 227 224 221 216 211 206 200 192 184 175 166 158 152 148 146 144 143 142 141 140 139 139 138
249 264 273 279 279 276 270 263 256 246 237 228 221 213 210 210 211 212 213 212 210 206 198 189 180 170 160 149 139 133 131 129 126 124 124 126 131 139 147 157 167 177 188 198 207 214 221 226 230 233 236 238 241 243 246 247 247 247 245 242 238 234 230 227 225 224 223 221 218 214 209 204 198 191 182 173 164 155 148 143 141 139 138 137 136 136 135 134 133
245 260 269 272 272 269 263 255 247 237 226 215 206 198 195 195 197 199 201 201 199 195 189 180 170 161 151 141 133 127 124 121 118 117 118 120 126 133 142 153 164 176 187 197 206 214 221 226 230 234 237 240 242 245 247 248 249 248 246 243 238 232 227 223 221 219 218 217 214 211 206 201 195 188 180 172 163 153 145 139 136 133 132 132 131 131 130 129 128
232 246 254 258 259 257 253 246 238 227 214 201 191 183 179 180 182 185 187 188 187 183 177 169 160 150 141 133 126 121 117 114 112 111 112 116 121 129 139 150 162 174 186 197 206 214 221 227 231 234 237 240 244 246 248 250 250 249 246 243 237 231 224 219 215 213 212 211 209 206 202 197 192 186 179 171 162 153 144 137 132 129 127 127 127 126 125 123 122
216 228 236 241 243 243 241 235 227 216 201 187 176 168 164 164 166 169 172 174 174 171 166 159 149 140 132 124 118 114 110 108 106 106 108 112 118 126 136 147 160 173 185 196 206 215 222 227 231 234 238 241 245 248 250 251 251 250 247 242 236 229 221 213 209 206 205 204 202 200 197 193 189 185 179 171 163 153 144 136 130 126 125 124 124 122 120 118 116
196 207 215 220 224 227 226 221 214 203 189 176 164 156 151 151 152 155 158 161 161 160 156 149 140 132 124 117 112 107 104 102 100 101 104 109 116 124 134 146 158 172 185 197 207 216 223 228 231 235 239 242 245 248 250 251 252 250 247 242 234 225 216 208 202 198 196 196 195 194 192 190 187 183 178 172 164 155 146 137 130 126 125 124 122 120 117 114 112
176 185 193 200 206 209 209 206 199 190 178 166 155 146 140 138 139 141 144 148 149 148 146 141 133 126 119 112 106 101 99 96 96 97 100 106 113 122 133 145 158 172 185 197 208 217 223 228 232 236 239 243 245 248 250 250 251 249 246 239 231 221 211 202 195 190 188 188 187 187 187 186 184 181 177 171 165 157 148 139 133 129 127 125 122 119 115 112 109
160 169 176 184 190 193 193 189 184 176 166 157 146 137 130 126 126 127 129 134 137 137 137 135 127 119 113 106 100 96 93 91 92 94 98 104 112 121 132 145 158 171 184 197 208 217 224 229 234 237 240 243 245 246 247 248 247 245 241 234 224 214 204 195 189 184 181 180 180 180 180 180 179 177 174 169 164 157 149 142 136 132 129 126 123 119 115 111 108
147 155 163 170 175 177 176 173 168 162 155 147 137 127 120 115 113 113 115 121 125 127 128 128 121 114 107 100 94 90 88 87 88 91 96 102 110 120 132 144 157 171 184 196 207 217 224 230 235 238 240 242 243 244 244 243 241 238 233 225 216 206 197 189 183 178 175 173 172 172 172 172 172 171 169 165 161 156 150 143 138 134 131 128 124 120 116 111 108
136 143 150 157 161 161 159 156 152 147 142 135 126 116 108 103 100 99 101 107 113 116 120 121 114 107 100 94 88 84 83 83 85 88 94 101 109 119 131 143 156 170 183 195 206 216 224 230 235 238 239 239 239 239 238 236 233 228 222 214 205 196 188 181 176 172 168 165 163 162 162 162 162 162 161 158 155 151 147 143 139 136 133 129 125 122 118 113 109
125 132 139 144 146 145 142 139 135 132 127 121 112 103 95 88 85 84 86 93 100 105 110 112 106 99 93 87 82 80 79 80 82 87 93 100 109 119 130 142 155 168 181 194 205 214 222 229 234 236 236 235 234 232 230 227 223 217 209 201 193 185 179 173 169 165 160 156 153 150 149 149 149 150 150 148 146 144 142 140 138 136 133 130 128 124 121 117 113
113 121 127 131 131 130 127 124 120 117 113 106 98 89 81 75 71 70 73 80 87 93 98 100 96 91 85 80 76 75 75 77 81 86 92 100 109 119 130 142 154 167 180 192 202 211 219 226 231 232 231 228 226 223 221 217 211 205 197 189 181 175 169 164 160 156 151 146 141 138 136 135 136 136 137 136 136 135 136 136 135 135 133 132 131 128 126 122 118
100 108 113 115 114 112 109 106 103 99 95 89 81 74 67 62 58 57 61 68 74 80 85 86 84 81 77 73 70 70 72 75 80 86 93 100 109 119 130 142 155 166 178 189 199 208 215 221 225 226 224 219 215 213 209 205 199 192 185 177 170 163 158 153 150 145 140 135 129 125 122 122 122 123 124 124 125 126 128 130 131 132 132 133 133 132 130 128 125
86 93 97 98 95 93 90 87 83 80 76 71 65 59 53 49 46 46 50 56 62 67 70 70 70 68 66 64 64 65 68 73 78 85 93 101 109 120 131 143 155 166 176 187 196 204 210 215 218 218 214 209 204 200 197 193 187 180 173 166 159 152 147 143 139 134 129 123 117 113 110 109 110 111 112 114 115 118 121 124 126 128 131 133 134 135 134 133 130
66 72 77 79 76 73 70 67 64 62 60 57 52 47 42 38 35 36 41 46 50 52 54 55 55 55 54 54 56 60 65 70 77 85 93 102 110 120 132 143 154 164 174 184 193 200 204 208 209 207 203 198 192 188 185 180 175 169 163 156 148 141 135 131 127 123 117 112 106 103 100 100 100 101 103 105 107 110 114 117 120 124 128 132 134 135 135 135 134
49 53 56 58 57 55 52 49 47 47 48 46 42 38 33 29 27 27 -9999 -9999 -9999 39 42 43 43 42 42 44 49 55 62 69 76 84 93 102 111 121 132 143 154 162 171 181 189 195 198 199 199 195 191 185 180 176 173 169 164 159 153 146 138 130 125 121 118 113 108 104 99 95 93 92 93 94 95 98 100 103 106 110 115 120 124 129 132 134 135 135 135
-9999 -9999 42 43 41 39 37 34 32 32 -9999 -9999 -9999 -9999 -9999 -9999 -9999 -9999 -9999 -9999 -9999 -9999 -9999 -9999 -9999 32 34 37 42 50 59 68 75 83 93 102 111 120 131 142 151 159 167 176 184 188 190 190 188 183 178 172 168 164 161 158 154 149 143 137 129 122 118 114 110 106 102 98 93 88 86 86 87 88 89 92 94 97 100 105 110 115 120 124 128 130 132 134 133
-9999 -9999 -9999 -9999 -9999 -9999 -9999 -9999 -9999 -9999 -9999 -9999 -9999 -9999 -9999 -9999 -9999 -9999 -9999 -9999 -9999 -9999 -9999 -9999 -9999 25 28 32 38 47 58 67 76 84 93 102 110 119 128 138 146 153 162 170 177 180 181 179 176 171 165 159 155 152 149 146 143 139 134 129 122 117 113 110 105 101 98 94 88 83 81 80 81 82 84 86 89 92 95 100 105 111 115 119 122 124 127 128 129
-9999 -9999 -9999 -9999 -9999 -9999 -9999 -9999 -9999 -9999 -9999 -9999 -9999 -9999 -9999 -9999 -9999 -9999 -9999 -9999 -9999 -9999 -9999 -9999 -9999 -9999 23 29 36 46 58 68 77 86 94 101 109 116 124 133 141 148 156 163 167 170 169 167 163 157 152 146 142 139 136 134 132 130 126 122 117 113 110 107 103 99 96 92 85 79 76 75 75 76 79 82 85 88 92 97 102 107 111 114 116 118 120 121 122
-9999 -9999 -9999 -9999 -9999 -9999 -9999 -9999 -9999 -9999 -9999 -9999 -9999 -9999 -9999 -9999 -9999 -9999 -9999 -9999 -9999 -9999 -9999 -9999 -9999 -9999 19 27 35 46 58 69 79 87 94 101 107 113 120 128 135 141 148 153 156 157 156 153 149 144 138 134 130 127 124 123 122 120 118 115 112 110 108 106 102 99 95 89 82 76 72 69 69 71 74 78 81 85 89 95 100 105 109 110 112 112 113 114 115
-9999 -9999 -9999 -9999 -9999 -9999 -9999 -9999 -9999 -9999 -9999 -9999 -9999 -9999 -9999 -9999 -9999 -9999 -9999 -9999 -9999 -9999 -9999 -9999 -9999 -9999 -9999 26 35 47 59 70 80 88 95 101 106 111 116 122 128 134 138 141 142 142 140 138 134 130 125 121 118 115 113 112 112 111 109 107 106 106 106 104 102 98 92 85 79 73 68 65 65 67 70 74 78 82 87 93 99 104 107 108 109 108 108 108 108
-9999 -9999 -9999 -9999 -9999 -9999 -9999 -9999 -9999 -9999 -9999 -9999 -9999 -9999 -9999 -9999 -9999 -9999 -9999 -9999 -9999 -9999 -9999 -9999 -9999 -9999 -9999 25 35 47 59 72 82 90 96 101 105 108 111 115 120 124 127 128 127 126 123 121 118 115 112 108 105 103 102 101 101 101 100 100 100 101 102 101 98 94 87 80 74 68 63 60 60 63 66 70 74 79 85 92 98 103 106 107 107 106 103 101 101
-9999 -9999 -9999 -9999 -9999 -9999 -9999 -9999 -9999 -9999 -9999 -9999 -9999 -9999 -9999 -9999 -9999 -9999 -9999 -9999 -9999 -9999 -9999 -9999 -9999 -9999 -9999 23 34 46 60 72 82 90 96 100 102 104 105 107 110 112 113 112 111 108 105 103 101 98 95 92 90 89 89 89 90 91 92 92 94 95 96 95 92 87 81 73 67 62 57 55 56 59 63 67 71 77 84 91 97 103 106 107 106 104 100 96 94
-9999 -9999 -9999 -9999 -9999 -9999 -9999 -9999 -9999 -9999 -9999 -9999 -9999 -9999 -9999 -9999 -9999 -9999 -9999 -9999 -9999 -9999 -9999 -9999 -9999 -9999 -9999 -9999 32 44 57 70 79 87 92 95 96 97 97 97 97 97 97 95 93 89 86 83 81 79 77 75 73 73 74 76 78 80 82 84 86 87 88 87 84 79 73 66 60 55 51 50 51 55 59 64 69 75 82 89 96 102 105 106 106 103 98 92 88
-9999 -9999 -9999 -9999 -9999 -9999 -9999 -9999 -9999 -9999 -9999 -9999 -9999 -9999 -9999 -9999 -9999 -9999 -9999 -9999 -9999 -9999 -9999 -9999 -9999 -9999 -9999 -9999 29 39 51 63 72 78 82 85 86 85 85 83 82 81 79 77 74 70 67 63 61 59 57 56 55 56 58 60 63 67 71 74 77 79 79 78 75 71 64 58 53 48 46 45 48 52 57 62 67 74 81 88 96 101 105 106 104 101 96 90 84
-9999 -9999 -9999 -9999 -9999 -9999 -9999 -9999 -9999 -9999 -9999 -9999 -9999 -9999 -9999 -9999 -9999 -9999 -9999 -9999 -9999 -9999 -9999 -9999 -9999 -9999 -9999 -9999 -9999 33 42 52 61 66 69 70 71 70 69 68 65 63 61 58 55 52 48 46 45 43 41 39 40 41 43 46 49 54 59 63 66 68 69 68 65 61 55 50 46 43 42 43 45 50 56 61 67 73 80 88 94 100 103 104 102 98 93 87 80
-9999 -9999 -9999 -9999 -9999 -9999 -9999 -9999 -9999 -9999 -9999 -9999 -9999 -9999 -9999 -9999 -9999 -9999 -9999 -9999 -9999 -9999 -9999 -9999 -9999 -9999 -9999 -9999 -9999 -9999 34 42 46 50 52 53 54 53 52 50 48 46 44 41 39 38 35 33 -9999 -9999 -9999 28 29 31 33 35 37 42 46 51 54 57 58 58 55 51 47 43 40 39 40 41 44 49 55 61 66 72 79 86 92 97 100 100 98 94 89 84 77
-9999 -9999 -9999 -9999 -9999 -9999 -9999 -9999 -9999 -9999 -9999 -9999 -9999 -9999 -9999 -9999 -9999 -9999 -9999 -9999 -9999 -9999 -9999 -9999 -9999 -9999 -9999 -9999 -9999 -9999 -9999 -9999 32 35 36 36 37 37 36 36 36 34 32 31 29 -9999 -9999 -9999 -9999 -9999 -9999 -9999 -9999 -9999 -9999 -9999 26 33 36 39 43 46 47 47 46 43 41 38 37 37 38 40 44 48 54 60 65 71 78 84 89 93 95 95 92 88 84 79 74
-9999 -9999 -9999 -9999 -9999 -9999 -9999 -9999 -9999 -9999 -9999 -9999 -9999 -9999 -9999 -9999 -9999 -9999 -9999 -9999 -9999 -9999 -9999 -9999 -9999 -9999 -9999 -9999 -9999 -9999 -9999 -9999 -9999 -9999 24 24 25 25 25 25 -9999 -9999 -9999 -9999 -9999 -9999 -9999 -9999 -9999 -9999 -9999 -9999 -9999 -9999 -9999 -9999 -9999 -9999 28 31 33 36 38 38 38 37 36 35 35 36 37 40 43 47 53 59 64 69 75 80 84 87 88 87 86 82 78 74 70
