Sardinia/Input files/Chia/chia_elev5k.txt
ncols         409
nrows         321
xllcorner     4217684.204066
yllcorner     1754444.3732635
cellsize      25
NODATA_value  -9999
[rows 164 to 204 of 321, columns 94 to 187 of 409]
81 78 76 74 73 74 75 79 84 91 99 107 115 123 131 139 148 159 170 181 191 200 207 209 208 204 198 191 185 180 176 172 167 162 156 151 146 142 140 139 139 140 141 142 142 140 137 133 129 126 124 124 125 127 128 129 128 124 118 110 100 89 79 70 62 56 50 47 45 45 45 47 49 51 53 55 55 54 52 48 43 39 35 31 28 25 22 20 18 16 14 13 13 13
86 83 79 75 73 71 71 73 77 83 91 99 107 115 122 130 139 150 161 172 183 192 199 201 200 196 190 183 177 173 169 164 159 154 148 142 137 134 131 131 132 134 136 137 138 136 133 129 125 121 119 118 119 119 120 120 118 114 107 99 90 80 70 63 57 52 49 47 47 48 49 51 54 56 59 61 61 59 57 52 47 42 38 34 30 27 24 22 19 17 15 14 13 13
94 89 84 79 74 71 70 70 72 77 83 91 99 106 113 121 130 141 151 163 174 183 190 193 191 187 182 175 170 166 162 157 152 146 140 134 129 126 124 124 125 127 130 133 134 133 130 127 122 118 115 113 113 112 112 111 108 104 97 89 80 71 63 58 53 51 50 50 51 52 55 57 60 63 65 67 67 65 61 57 52 46 41 36 32 29 26 23 21 19 16 14 14 13
102 96 90 83 78 73 70 69 69 72 77 84 91 99 106 113 122 132 143 154 165 174 180 183 182 178 173 167 162 158 154 150 145 138 132 127 122 119 117 117 119 122 125 129 131 131 128 124 120 115 112 110 108 106 105 102 99 94 87 79 71 64 58 54 52 52 52 54 56 59 62 64 67 70 72 73 73 71 67 62 56 50 45 40 35 31 28 25 22 19 17 15 14 13
110 104 97 89 82 77 72 69 67 69 72 78 85 91 98 106 115 124 134 145 156 165 171 173 172 169 164 159 154 150 146 142 136 130 125 119 115 112 110 111 113 116 121 125 128 128 127 123 118 113 110 106 104 101 98 95 91 85 79 71 65 59 55 54 54 55 57 60 63 67 70 73 75 78 80 80 80 77 73 67 61 54 49 43 39 34 30 26 23 20 17 15 14 13
118 111 104 96 88 81 75 70 67 67 69 73 78 84 91 99 107 116 126 136 147 155 161 163 162 159 154 149 145 141 137 132 127 122 117 112 108 106 105 105 108 112 117 121 125 126 126 123 117 112 108 104 100 97 93 89 83 78 71 65 61 57 56 56 57 59 63 67 71 75 79 82 85 87 88 88 87 84 79 72 66 59 53 47 42 36 31 27 24 20 18 16 14 13
124 118 110 102 94 87 80 73 69 66 66 68 73 78 85 92 100 108 118 127 137 146 151 152 151 148 144 139 134 130 126 122 117 112 108 104 101 100 99 101 104 109 114 119 123 125 125 123 117 113 108 104 99 94 89 83 78 72 67 62 60 59 59 60 63 66 70 75 80 84 88 91 94 96 96 96 94 90 85 78 72 65 57 50 44 38 33 28 25 21 19 17 15 13
130 123 115 107 99 92 85 78 71 67 65 65 68 73 78 85 92 101 109 118 127 135 139 140 139 136 132 127 123 119 115 111 106 102 98 96 95 95 96 99 103 108 114 119 123 124 125 123 118 113 109 104 99 93 87 80 74 69 65 63 62 62 64 67 71 75 79 84 88 93 97 100 102 104 104 104 101 97 92 85 78 70 61 54 47 40 35 30 26 23 20 18 16 14
135 127 119 111 103 96 89 82 75 69 65 64 65 68 72 78 85 92 101 109 117 123 127 128 127 124 120 116 112 108 104 100 96 93 90 89 90 92 95 99 104 110 116 121 124 125 126 124 120 116 111 106 100 94 87 80 74 69 66 66 67 69 73 77 81 85 89 93 97 101 105 108 110 111 112 111 108 104 98 91 83 74 66 58 50 43 37 32 27 24 21 19 17 14
140 131 122 114 107 100 94 87 80 73 68 65 64 65 67 72 77 84 92 99 106 111 114 115 114 111 108 104 100 97 93 90 87 85 84 85 88 91 96 102 108 115 120 125 128 129 128 126 123 119 115 110 104 96 89 81 76 72 71 71 74 78 82 87 92 95 99 103 107 110 113 115 117 118 118 117 115 111 105 97 88 79 70 61 53 46 39 33 28 25 21 19 17 15
145 135 127 119 112 105 99 93 86 79 73 68 65 63 64 66 71 76 83 89 94 99 101 102 102 99 96 93 90 87 85 82 80 79 80 84 88 94 101 108 115 121 126 130 132 133 132 131 128 125 121 115 109 101 93 86 80 77 76 78 82 87 92 97 102 106 110 113 116 118 120 122 123 124 123 122 120 117 111 103 94 85 75 66 57 49 41 35 30 26 22 20 18 16
149 140 132 124 117 111 106 100 93 86 79 72 67 64 62 63 65 69 74 79 84 87 90 91 90 88 86 84 81 79 77 76 76 77 80 85 91 99 107 115 121 127 132 136 138 139 138 137 135 132 127 122 115 108 100 93 87 84 84 85 89 95 101 106 111 116 119 122 124 126 127 128 128 128 128 127 124 121 115 108 99 90 81 71 61 52 43 36 30 26 23 20 18 16
153 145 137 130 123 118 113 107 100 93 85 77 71 66 63 61 61 64 67 71 75 78 80 80 80 79 78 76 75 73 72 73 74 77 82 89 97 105 114 121 128 133 137 141 143 144 145 144 143 140 136 130 123 116 109 102 96 93 92 94 97 102 108 114 119 124 127 130 131 132 133 133 132 132 131 130 128 124 119 112 104 95 85 75 65 54 45 37 31 26 23 20 18 16
157 149 142 135 129 124 119 113 107 99 90 82 75 69 64 61 60 60 62 64 67 70 71 72 71 71 71 70 69 68 69 71 74 78 85 93 102 111 119 126 132 136 140 144 147 149 151 152 151 149 145 139 133 126 119 113 107 103 102 102 105 109 114 120 126 131 134 136 137 138 137 137 136 135 133 132 129 126 121 114 107 98 89 78 68 57 47 38 32 26 23 20 18 16
159 152 145 139 134 129 124 118 111 104 95 86 78 72 67 62 59 58 58 59 61 63 64 64 64 65 65 65 65 65 67 70 74 80 87 97 106 115 122 128 133 137 141 145 149 153 156 158 158 157 154 149 143 137 130 124 119 115 112 112 113 116 120 126 132 136 140 141 142 142 141 140 138 137 135 133 130 126 121 115 109 100 91 81 69 58 48 39 32 27 23 20 18 15
160 154 147 141 136 131 126 121 114 106 98 90 82 75 70 65 61 59 57 56 57 58 59 59 59 60 60 61 61 63 65 69 74 80 89 98 107 115 122 127 131 134 139 143 149 154 159 163 164 163 161 157 152 147 141 135 130 126 123 121 121 123 126 131 136 140 143 144 144 144 143 141 139 138 136 134 131 126 120 115 109 101 92 82 71 59 49 40 32 27 23 20 17 15
161 155 149 142 136 131 127 121 115 107 100 92 85 79 74 70 66 62 59 56 55 55 55 55 56 56 57 58 59 61 64 68 73 80 88 97 106 113 119 123 126 129 133 139 145 152 159 164 167 167 166 163 159 154 150 145 140 136 132 130 129 130 132 135 139 142 144 145 145 145 144 142 140 138 137 135 131 125 120 114 108 101 92 82 72 60 50 40 33 27 22 19 17 15
161 156 150 142 136 130 125 120 114 107 100 94 88 83 79 75 71 67 63 59 57 55 54 53 54 54 55 56 57 59 62 66 71 78 86 94 101 108 113 116 119 122 126 132 139 148 156 162 166 167 167 165 162 159 155 151 147 144 140 137 136 136 137 139 141 142 144 145 145 144 143 141 139 137 136 134 130 124 119 113 108 101 93 83 72 61 51 41 34 27 23 19 17 15
161 157 150 143 135 129 123 118 112 106 101 96 91 87 84 80 76 72 68 63 59 56 54 53 52 52 53 54 55 57 60 64 69 75 82 89 95 101 105 107 110 113 117 124 132 141 150 157 162 165 165 164 163 160 158 155 152 149 146 143 141 140 140 140 141 141 142 142 141 140 139 137 136 134 133 130 127 122 118 112 107 100 93 83 73 62 52 42 34 28 23 19 16 14
160 157 151 143 134 127 121 116 110 105 101 98 95 91 88 85 82 78 73 68 63 58 55 53 51 50 50 51 53 55 58 62 66 71 77 82 88 92 96 99 101 104 109 116 124 133 142 150 156 159 161 161 160 159 157 155 153 151 149 147 145 143 141 140 139 138 137 135 134 132 131 130 129 128 127 125 122 119 116 111 106 100 92 84 74 64 53 43 35 28 23 19 16 14
159 156 150 143 134 126 119 114 110 105 102 99 98 95 92 90 87 84 79 73 67 61 56 53 51 49 48 48 50 53 55 59 63 67 71 76 81 85 88 90 93 96 101 108 116 125 134 142 148 152 154 155 155 155 154 152 151 150 148 147 145 143 140 138 135 132 130 127 124 122 121 120 119 119 118 117 116 115 113 110 105 99 92 84 75 65 54 44 36 28 23 19 17 15
156 154 149 142 134 126 119 114 110 105 101 99 97 97 96 94 92 89 85 79 72 65 59 55 52 49 47 47 48 51 53 56 59 63 67 71 75 78 81 84 86 89 94 100 108 117 126 134 140 144 148 149 150 150 149 148 148 147 146 144 142 139 136 133 129 125 121 117 113 110 109 108 107 107 107 107 108 108 108 106 102 97 91 83 74 65 55 45 36 29 24 20 17 15
151 151 147 141 133 126 119 114 110 105 100 97 95 96 97 97 96 94 90 85 78 70 63 57 52 49 48 46 46 48 50 53 56 59 63 66 70 72 75 78 80 83 88 93 100 108 117 125 132 137 141 144 144 144 144 144 143 142 141 140 137 135 131 127 122 117 112 106 102 98 96 94 93 93 94 95 98 100 101 100 98 94 88 81 73 65 55 46 37 30 25 21 18 15
145 146 143 138 132 125 119 113 108 103 98 94 93 94 97 99 99 99 96 91 84 76 68 60 54 50 48 46 45 46 48 50 52 55 59 62 65 68 70 73 75 78 82 87 93 100 109 117 125 131 136 139 140 140 139 139 138 137 136 134 132 130 126 121 116 109 103 97 91 87 83 81 80 79 80 83 86 89 91 92 91 88 83 78 71 64 56 47 39 32 27 22 19 16
137 139 138 135 129 123 116 110 104 99 94 91 91 93 96 99 102 103 102 98 91 83 73 65 58 52 49 47 45 45 45 47 49 52 55 58 61 64 66 68 70 73 76 80 86 93 101 110 119 126 132 135 137 136 135 134 132 131 130 129 127 124 120 116 109 102 95 88 82 77 73 70 68 67 68 70 74 77 80 82 82 80 77 73 68 62 55 48 41 35 29 25 21 17
129 131 131 129 124 118 112 105 98 93 89 87 87 90 94 99 103 106 106 104 98 89 80 70 62 55 51 48 46 44 44 44 46 49 51 55 58 61 63 65 66 68 71 74 79 86 94 104 114 122 129 133 134 133 132 129 127 125 124 123 121 119 115 110 104 96 89 81 74 69 65 61 59 57 58 60 63 66 69 72 72 71 70 67 63 59 54 49 43 37 32 27 23 19
121 123 124 122 118 112 105 98 92 87 83 82 83 87 91 97 103 108 110 109 104 95 86 76 67 60 54 50 47 44 43 42 44 46 48 51 55 58 60 62 63 64 66 69 73 79 88 98 109 118 126 130 132 130 128 124 122 120 118 117 115 113 110 105 99 91 83 76 69 63 59 55 52 50 50 51 54 56 59 61 62 63 62 61 58 56 52 48 44 39 34 30 25 21
115 116 116 114 110 103 97 91 86 81 79 78 79 83 88 95 102 109 112 112 108 101 92 82 73 65 58 53 49 46 43 41 41 43 45 48 51 55 57 58 59 60 62 64 68 74 83 94 105 115 123 127 128 127 123 119 116 114 113 112 111 109 106 101 94 87 80 72 65 60 55 52 48 46 45 45 46 48 50 52 54 55 55 54 53 52 50 47 44 40 36 31 27 22
108 109 108 106 101 96 90 86 81 78 76 75 76 80 85 93 101 109 113 115 112 105 97 87 79 71 64 58 52 48 44 42 40 41 43 45 48 51 53 55 56 57 58 61 64 70 79 89 100 110 118 123 123 121 117 113 109 107 106 106 105 104 102 97 92 85 78 71 65 59 55 51 47 44 42 41 41 42 44 45 47 48 49 49 48 48 47 45 43 40 37 32 27 23
103 102 100 98 94 90 86 82 79 76 74 73 74 77 83 91 100 108 114 116 114 109 101 93 84 76 69 63 57 51 46 43 40 39 40 42 44 47 49 51 52 54 55 57 60 66 74 84 95 104 112 116 116 114 110 105 102 100 99 99 100 100 98 95 90 85 78 72 67 62 57 52 48 44 42 40 39 39 39 40 41 42 43 44 44 44 43 42 41 39 36 32 27 23
99 96 94 92 89 86 84 81 79 77 74 72 72 76 81 88 97 106 113 116 116 112 105 97 89 81 74 67 61 54 48 44 41 38 38 40 41 44 46 48 49 51 52 54 57 62 69 78 88 96 103 107 107 105 101 97 94 92 92 93 95 96 95 94 90 86 81 76 71 66 62 57 51 46 42 39 38 37 37 37 37 38 39 39 39 39 39 39 38 36 34 30 26 22
95 92 90 88 87 85 84 83 81 79 76 74 72 74 79 86 94 103 111 116 116 114 108 100 92 85 78 71 64 57 50 45 41 38 37 38 39 41 43 45 47 48 50 51 54 58 64 72 79 87 93 97 97 96 92 88 85 84 85 87 90 92 93 93 91 88 85 81 77 73 68 62 56 50 44 40 38 36 35 35 35 35 35 35 35 35 35 34 34 33 31 28 25 21
92 90 89 88 87 88 88 87 86 83 80 76 73 73 76 83 91 100 109 114 116 114 109 102 95 87 80 73 66 58 52 46 41 38 36 36 37 38 40 43 45 46 47 48 50 54 59 64 71 77 82 86 87 85 83 80 77 76 78 81 84 88 91 93 92 90 87 85 82 79 74 68 61 53 47 42 38 36 34 33 33 32 32 32 31 32 31 31 31 30 28 26 23 20
92 91 90 90 91 92 93 93 92 89 84 79 75 73 74 79 87 96 105 111 113 113 109 103 95 88 81 74 66 59 52 46 42 38 35 34 36 37 39 40 42 43 44 46 47 50 53 58 62 68 72 75 76 76 74 71 70 69 71 74 78 83 87 90 91 91 89 87 86 84 79 73 65 57 50 44 39 36 34 33 32 31 30 29 28 28 28 28 27 27 25 23 21 18
94 94 94 96 97 99 100 100 98 94 89 82 76 72 73 77 83 92 100 107 110 110 107 102 95 88 80 73 66 59 52 47 42 39 36 34 35 35 37 39 40 41 42 42 44 46 49 52 56 60 63 66 67 67 66 64 62 62 63 67 71 76 80 84 87 89 89 88 87 85 81 75 67 60 52 46 41 37 35 33 31 29 28 27 26 26 25 25 24 24 23 21 19 17
98 99 101 103 105 107 108 107 105 99 92 84 76 71 70 73 79 87 95 102 106 106 104 100 94 86 79 72 65 59 52 47 44 40 37 34 34 34 36 37 38 38 39 40 41 43 45 48 50 53 56 58 59 59 59 57 56 56 57 59 63 68 72 77 80 83 84 85 85 83 80 74 68 61 54 48 42 38 35 33 31 28 26 25 24 23 22 22 22 21 20 19 18 16
102 105 108 110 113 114 115 114 110 103 94 85 76 70 67 69 74 81 89 96 101 102 101 97 91 85 78 71 65 59 53 48 44 41 37 34 33 33 34 35 35 36 37 37 38 40 42 44 46 48 50 52 53 53 52 51 50 49 50 52 56 60 64 68 71 74 76 77 78 77 75 71 65 59 53 48 43 38 35 33 30 28 25 23 22 21 20 20 20 19 19 18 16 15
107 112 115 118 121 121 120 118 113 105 95 85 75 68 65 65 70 76 84 91 96 98 98 94 89 83 76 70 65 60 54 49 45 42 38 35 33 32 33 33 34 34 35 36 36 38 39 41 42 44 46 47 47 47 47 46 45 44 44 46 48 51 54 58 61 64 66 68 70 69 67 64 60 56 51 46 41 37 34 31 29 26 24 22 20 19 19 19 18 18 17 16 15 14
112 118 122 125 126 125 123 119 113 104 94 84 74 66 62 62 66 72 79 85 91 94 94 92 87 81 76 70 65 60 55 50 46 43 39 36 33 31 31 31 32 32 33 34 35 36 37 38 39 40 42 43 43 43 43 41 40 40 40 40 41 43 46 48 51 54 57 59 60 60 59 57 54 50 46 42 39 35 32 29 27 25 22 21 19 18 17 17 17 16 15 15 14 12
115 121 125 128 128 127 124 119 111 102 92 81 71 63 59 59 62 68 74 81 87 91 92 90 86 81 75 71 66 61 56 51 47 43 40 37 34 31 30 30 31 31 31 32 33 34 35 35 36 37 38 39 39 39 38 38 37 36 35 36 36 37 39 41 43 46 48 50 50 51 50 49 47 44 41 38 34 31 29 27 24 22 21 19 18 17 16 16 15 15 14 13 12 12
115 122 126 128 127 125 121 115 108 98 89 79 69 61 56 55 59 64 70 77 84 88 90 88 85 80 76 72 67 62 57 52 48 44 40 37 34 31 30 29 30 30 30 31 31 32 33 33 34 34 35 35 35 35 35 34 33 32 32 32 33 33 34 36 37 39 41 42 42 42 42 41 39 37 35 32 30 27 25 23 22 20 19 18 17 16 16 15 15 14 13 12 11 10
