Sardinia/Input files/Chia/chia_aspect5k.txt
ncols         409
nrows         321
xllcorner     4217684.204066
yllcorner     1754444.3732635
cellsize      25
NODATA_value  -9999
[rows 80 to 119 of 321, columns 270 to 359 of 409]
102 121 261 279 284 287 290 294 298 303 307 310 314 323 334 348 2 12 18 20 22 21 18 13 8 6 9 17 144 152 145 139 134 131 134 135 133 133 133 133 134 133 134 140 153 158 148 137 132 126 116 109 106 101 97 93 89 86 86 92 104 119 131 136 132 121 111 109 112 118 136 170 181 161 140 126 112 99 88 263 250 229 204 187 174 162 153 147 139 128
108 140 266 280 285 289 294 297 300 304 307 310 313 319 329 343 359 12 20 24 27 28 27 25 22 21 28 47 86 121 129 126 121 120 122 124 125 127 128 128 128 127 124 125 138 153 151 141 136 134 125 117 114 110 104 99 95 88 83 87 100 119 136 143 142 132 118 109 105 102 105 150 195 158 136 125 108 80 43 332 248 208 188 179 170 160 152 146 138 131
114 175 266 277 282 286 291 296 299 302 304 307 310 315 323 337 356 11 22 28 31 33 35 34 32 33 41 55 69 86 103 111 110 109 113 117 120 123 124 124 120 115 109 107 114 133 146 144 140 136 131 123 119 118 115 111 106 96 88 89 98 113 132 145 147 140 126 114 105 95 86 75 157 137 130 128 115 51 25 30 132 170 174 172 167 160 154 149 142 135
110 212 263 271 276 279 283 288 292 296 300 303 305 309 315 328 349 10 25 32 36 39 40 39 39 41 47 55 64 72 81 89 95 101 110 115 117 120 120 119 114 107 101 100 102 109 123 133 134 131 128 126 124 125 125 123 119 111 101 98 100 107 120 136 141 140 133 124 114 101 90 83 108 121 124 134 166 307 20 73 113 144 162 165 160 156 153 150 144 138
112 218 261 266 267 269 272 277 281 286 291 295 299 302 307 318 339 6 25 34 39 42 42 41 41 42 46 52 57 61 64 70 82 95 105 111 114 116 117 118 117 112 105 100 96 95 98 107 118 121 122 125 126 127 130 133 137 133 118 107 102 102 106 116 125 131 134 135 130 119 108 104 107 111 117 138 211 257 81 102 117 138 155 157 152 151 150 146 139 136
119 242 267 265 263 264 266 268 271 275 280 286 292 296 301 310 327 358 22 33 39 41 41 41 42 42 45 48 48 50 54 63 76 88 97 105 110 113 115 116 115 111 104 96 89 87 88 93 102 109 112 115 119 122 128 136 147 148 133 116 104 96 92 98 111 123 132 140 144 138 127 117 106 104 110 136 220 241 153 115 120 136 150 149 145 145 146 145 -9999 -9999
121 258 266 263 264 265 265 265 266 269 272 277 283 289 295 302 316 345 14 30 37 40 41 42 43 44 45 46 46 47 51 57 68 79 87 96 103 109 112 111 109 105 98 91 87 86 87 91 98 103 106 108 111 115 121 132 145 149 134 116 103 93 87 92 100 109 119 132 145 141 114 89 89 96 105 132 206 209 157 129 129 139 147 146 141 140 141 -9999 -9999 -9999
131 243 256 261 265 267 266 266 266 268 269 271 274 278 283 289 301 325 359 23 34 39 41 43 45 46 46 45 45 45 47 51 58 66 73 81 92 101 106 104 100 96 94 92 91 91 93 97 100 102 103 103 105 108 113 121 132 127 104 98 97 94 92 91 90 89 89 88 72 18 24 42 70 90 104 131 177 178 156 141 139 144 147 145 139 137 137 -9999 -9999 -9999
145 227 252 262 266 267 268 268 269 269 269 268 268 268 270 272 278 296 327 3 28 38 43 46 48 48 47 45 43 42 42 46 50 56 62 70 79 87 91 93 94 95 96 98 98 98 101 104 104 104 104 102 101 102 104 108 95 33 64 80 88 92 92 88 82 74 64 47 20 3 12 35 65 87 104 129 157 161 153 145 143 144 145 144 139 136 -9999 -9999 -9999 -9999
150 222 255 263 265 266 267 268 270 270 268 266 264 262 260 255 252 260 288 328 14 36 44 48 49 48 46 43 39 38 40 43 47 52 58 65 73 78 85 93 99 102 103 105 107 107 108 110 111 110 110 108 103 98 94 84 347 358 52 71 79 83 82 75 66 56 46 33 19 9 12 35 67 87 103 123 142 147 145 143 139 136 138 139 138 -9999 -9999 -9999 -9999 -9999
148 236 260 261 262 263 265 266 267 267 266 264 262 258 250 239 234 240 253 277 338 28 42 47 47 45 42 38 35 35 38 41 46 51 57 64 71 78 91 106 113 114 113 113 116 116 115 117 118 116 114 109 100 87 74 41 337 351 47 65 69 64 55 45 37 34 31 23 16 13 16 41 73 90 101 113 125 129 130 132 130 128 131 135 135 -9999 -9999 -9999 -9999 -9999
151 234 257 260 260 261 263 263 264 263 263 261 258 251 239 226 224 230 236 247 279 356 33 42 42 39 36 32 32 34 37 41 46 52 59 66 72 80 94 115 128 130 127 122 121 122 122 123 124 123 118 104 81 65 50 19 343 354 44 61 59 44 28 20 17 19 20 15 14 17 29 57 81 91 95 98 103 107 109 116 123 127 131 134 -9999 -9999 -9999 -9999 -9999 -9999
147 232 256 262 261 261 261 261 261 260 259 257 252 241 227 217 219 227 235 247 268 315 8 27 31 29 27 26 28 32 36 41 48 56 63 69 75 82 94 114 133 141 138 129 123 121 122 124 126 128 126 92 53 45 34 12 350 1 45 58 50 30 15 10 8 10 12 12 18 32 54 77 88 91 91 90 92 97 104 114 121 127 133 -9999 -9999 -9999 -9999 -9999 -9999 -9999
141 229 255 263 264 262 261 259 258 257 255 251 243 230 216 212 218 228 239 250 264 291 336 4 14 16 18 21 26 32 38 45 54 62 69 73 78 82 90 104 124 139 139 131 123 118 116 118 122 129 148 155 65 55 38 14 358 19 59 62 48 22 5 3 2 3 8 18 36 59 81 93 96 96 95 96 99 106 116 124 126 128 -9999 -9999 -9999 -9999 -9999 -9999 -9999 -9999
141 230 257 265 268 266 264 261 259 256 252 245 234 220 211 212 220 230 240 248 258 277 309 339 357 5 11 18 26 35 43 52 61 68 73 75 78 81 86 95 109 127 133 128 120 114 111 111 114 126 166 183 168 152 147 154 159 132 106 86 63 13 346 351 357 1 14 38 64 83 96 104 108 109 109 110 112 117 122 128 133 -9999 -9999 -9999 -9999 -9999 -9999 -9999 -9999 -9999
153 240 262 267 270 269 265 263 260 256 249 240 227 215 208 211 219 229 237 245 254 268 290 316 339 355 5 17 30 41 50 58 65 70 73 74 76 78 83 88 95 107 118 120 114 109 106 104 104 115 150 167 171 174 178 182 179 166 148 130 114 313 314 333 355 12 46 78 90 95 99 105 113 120 121 121 122 118 114 114 -9999 -9999 -9999 -9999 -9999 -9999 -9999 -9999 -9999 -9999
172 241 258 264 269 268 266 265 262 256 248 236 222 211 206 209 218 227 235 243 251 262 277 297 320 342 0 19 37 50 59 65 69 71 72 72 73 74 75 77 79 86 97 104 105 102 98 94 92 101 125 145 161 175 184 188 186 177 166 162 192 282 300 321 4 51 85 97 100 100 99 100 106 115 121 126 134 129 119 -9999 -9999 -9999 -9999 -9999 -9999 -9999 -9999 -9999 -9999 -9999
170 259 265 268 269 268 267 266 263 256 245 231 216 206 204 209 218 227 235 243 251 261 273 287 305 327 356 27 48 61 67 71 72 71 70 69 68 67 66 66 68 72 79 87 90 90 86 82 82 89 103 118 137 164 183 189 187 181 178 188 237 278 295 320 23 68 88 96 98 100 101 101 103 111 124 135 149 146 134 -9999 -9999 -9999 -9999 -9999 -9999 -9999 -9999 -9999 -9999 -9999
38 271 268 270 269 268 266 264 260 251 238 222 209 202 203 210 220 231 241 250 258 266 274 284 297 316 354 40 62 71 74 74 73 70 67 65 62 60 59 59 60 61 64 70 72 72 69 65 67 75 87 98 109 134 166 180 182 182 191 219 259 276 285 309 36 73 89 96 98 100 102 104 110 121 130 136 149 155 -9999 -9999 -9999 -9999 -9999 -9999 -9999 -9999 -9999 -9999 -9999 -9999
56 271 262 262 262 262 262 258 251 241 226 211 203 201 205 215 228 241 251 260 267 273 279 285 294 309 358 57 73 77 77 75 71 67 63 60 58 57 58 58 58 58 60 61 60 56 51 49 56 66 76 82 89 103 131 158 172 188 217 251 270 273 272 282 54 85 96 100 101 101 103 105 114 123 129 134 -9999 -9999 -9999 -9999 -9999 -9999 -9999 -9999 -9999 -9999 -9999 -9999 -9999 -9999
61 339 262 253 251 253 254 248 239 228 215 204 202 205 213 227 242 254 262 268 274 278 282 286 292 306 18 73 80 80 78 73 67 63 60 58 58 58 59 60 60 60 60 56 49 42 39 42 51 60 65 68 76 89 106 128 157 205 249 267 271 268 265 269 87 96 102 105 105 104 105 106 106 107 113 -9999 -9999 -9999 -9999 -9999 -9999 -9999 -9999 -9999 -9999 -9999 -9999 -9999 -9999 -9999
64 50 252 248 248 246 243 236 227 219 211 206 207 216 230 245 259 267 272 275 277 280 283 287 290 303 54 83 84 82 77 71 65 62 61 61 62 63 63 63 63 62 57 50 39 32 32 38 46 53 58 61 68 79 91 105 133 248 272 276 271 265 266 269 105 104 108 108 107 104 103 104 98 93 86 -9999 -9999 -9999 -9999 -9999 -9999 -9999 -9999 -9999 -9999 -9999 -9999 -9999 -9999 -9999
76 93 227 248 249 242 235 228 221 217 215 215 222 237 252 264 272 276 278 279 280 282 284 287 289 300 80 89 88 84 78 72 68 67 68 70 72 73 73 71 68 63 55 44 32 26 28 35 45 53 59 64 69 75 84 92 94 281 280 278 269 263 268 269 109 109 110 107 105 102 101 103 100 94 -9999 -9999 -9999 -9999 -9999 -9999 -9999 -9999 -9999 -9999 -9999 -9999 -9999 -9999 -9999 -9999
87 107 225 253 250 241 233 227 223 222 224 229 240 255 266 273 278 280 281 281 282 283 285 286 286 297 93 96 94 91 86 81 79 80 82 84 85 85 84 80 74 65 52 39 28 24 27 38 49 58 65 70 75 81 86 87 30 289 280 276 276 280 285 298 103 109 109 105 106 107 108 107 96 74 -9999 -9999 -9999 -9999 -9999 -9999 -9999 -9999 -9999 -9999 -9999 -9999 -9999 -9999 -9999 -9999
83 98 246 259 255 249 239 233 231 233 238 245 253 262 269 274 278 279 280 281 282 283 283 283 280 207 106 103 102 100 99 99 99 99 99 99 98 96 91 84 74 61 45 32 24 23 31 45 57 65 71 75 79 84 88 83 339 291 284 283 290 297 305 37 99 108 111 108 110 113 113 110 97 -9999 -9999 -9999 -9999 -9999 -9999 -9999 -9999 -9999 -9999 -9999 -9999 -9999 -9999 -9999 -9999 -9999
75 78 259 261 264 263 257 248 246 248 253 258 263 268 271 273 275 276 277 279 280 280 280 279 271 141 112 108 108 108 111 113 115 115 114 112 109 104 96 83 67 50 35 25 22 28 40 55 66 74 78 80 81 82 83 74 321 292 291 294 296 297 311 82 102 112 119 116 113 115 115 112 -9999 -9999 -9999 -9999 -9999 -9999 -9999 -9999 -9999 -9999 -9999 -9999 -9999 -9999 -9999 -9999 -9999 -9999
66 60 25 260 263 268 271 266 261 261 264 268 271 274 276 277 277 276 276 277 278 278 278 275 265 121 111 110 112 114 117 120 121 121 121 119 115 109 97 78 55 37 25 21 26 38 53 66 75 81 83 82 82 82 79 65 316 289 290 296 294 287 288 105 109 118 126 123 119 118 119 120 -9999 -9999 -9999 -9999 -9999 -9999 -9999 -9999 -9999 -9999 -9999 -9999 -9999 -9999 -9999 -9999 -9999 -9999
62 56 52 259 256 264 272 275 271 269 269 270 272 275 279 281 281 279 277 276 276 277 277 274 259 111 109 111 113 117 120 122 123 123 122 120 115 106 88 59 35 23 19 24 36 51 64 74 80 82 82 81 80 80 77 63 317 284 284 287 279 258 162 121 119 125 129 128 126 123 -9999 -9999 -9999 -9999 -9999 -9999 -9999 -9999 -9999 -9999 -9999 -9999 -9999 -9999 -9999 -9999 -9999 -9999 -9999 -9999
69 65 65 42 262 266 272 279 278 272 266 264 266 269 273 277 279 277 275 275 276 277 277 277 248 107 107 109 113 116 118 120 121 121 120 118 112 97 63 29 16 14 20 33 49 63 73 78 80 80 79 77 75 72 69 59 325 276 270 263 241 205 154 130 125 129 134 134 131 -9999 -9999 -9999 -9999 -9999 -9999 -9999 -9999 -9999 -9999 -9999 -9999 -9999 -9999 -9999 -9999 -9999 -9999 -9999 -9999 -9999
84 84 84 80 271 270 273 280 282 278 268 262 261 261 264 268 273 274 274 274 275 275 275 274 149 107 106 109 111 114 115 117 117 117 116 113 105 79 33 10 6 14 31 50 65 75 79 80 78 74 70 67 65 63 61 55 16 264 253 235 202 175 149 133 129 133 142 -9999 -9999 -9999 -9999 -9999 -9999 -9999 -9999 -9999 -9999 -9999 -9999 -9999 -9999 -9999 -9999 -9999 -9999 -9999 -9999 -9999 -9999 -9999
99 99 100 110 276 277 279 285 290 292 286 275 267 263 263 266 271 274 275 275 274 272 270 259 140 113 111 112 114 115 115 115 115 114 113 111 105 76 18 356 0 31 63 79 85 87 85 81 76 68 62 59 59 58 57 56 56 243 234 210 179 162 146 135 130 135 -9999 -9999 -9999 -9999 -9999 -9999 -9999 -9999 -9999 -9999 -9999 -9999 -9999 -9999 -9999 -9999 -9999 -9999 -9999 -9999 -9999 -9999 -9999 -9999
107 107 103 329 294 291 294 299 302 307 308 300 291 283 278 277 278 280 280 278 275 271 266 241 139 119 116 117 118 119 118 117 115 115 116 118 127 151 194 234 168 116 111 108 104 98 91 82 72 63 59 58 56 55 55 59 67 128 204 188 169 158 146 138 130 -9999 -9999 -9999 -9999 -9999 -9999 -9999 -9999 -9999 -9999 -9999 -9999 -9999 -9999 -9999 -9999 -9999 -9999 -9999 -9999 -9999 -9999 -9999 -9999 -9999
107 110 101 309 304 302 305 310 314 318 322 319 312 305 297 290 287 286 285 282 279 275 268 224 130 119 117 119 120 121 122 120 118 118 121 129 147 172 187 187 171 151 135 125 117 110 101 86 71 61 58 58 56 56 59 65 74 99 162 169 163 157 146 143 153 -9999 -9999 -9999 -9999 -9999 -9999 -9999 -9999 -9999 -9999 -9999 -9999 -9999 -9999 -9999 -9999 -9999 -9999 -9999 -9999 -9999 -9999 -9999 -9999 -9999
100 103 275 292 300 304 308 314 320 325 329 328 323 317 308 299 294 291 289 287 285 282 277 180 116 114 115 117 119 121 123 123 122 122 127 137 152 170 181 180 170 158 146 135 126 120 113 98 81 68 62 60 58 61 67 73 82 98 131 151 153 150 141 141 -9999 -9999 -9999 -9999 -9999 -9999 -9999 -9999 -9999 -9999 -9999 -9999 -9999 -9999 -9999 -9999 -9999 -9999 -9999 -9999 -9999 -9999 -9999 -9999 -9999 -9999
96 94 283 286 297 304 309 315 321 327 332 332 328 323 315 306 300 296 294 292 291 291 296 82 101 104 107 110 114 117 120 122 123 122 125 134 146 160 171 173 168 161 152 142 135 131 128 118 103 87 75 70 69 71 75 80 87 97 115 133 139 135 133 -9999 -9999 -9999 -9999 -9999 -9999 -9999 -9999 -9999 -9999 -9999 -9999 -9999 -9999 -9999 -9999 -9999 -9999 -9999 -9999 -9999 -9999 -9999 -9999 -9999 -9999 -9999
97 92 289 289 298 303 306 311 317 324 331 334 331 326 320 312 306 302 299 298 298 302 324 62 88 95 99 103 106 110 114 117 117 113 111 113 120 134 149 158 158 154 149 142 138 140 144 144 133 113 95 87 85 85 85 87 91 98 108 121 119 99 -9999 -9999 -9999 -9999 -9999 -9999 -9999 -9999 -9999 -9999 -9999 -9999 -9999 -9999 -9999 -9999 -9999 -9999 -9999 -9999 -9999 -9999 -9999 -9999 -9999 -9999 -9999 -9999
101 88 294 294 297 298 300 303 309 316 325 331 332 328 322 316 310 305 302 302 305 314 349 54 78 86 91 94 97 100 103 104 103 96 85 73 66 64 68 82 103 117 124 127 129 134 139 149 153 133 112 102 98 97 97 97 98 101 108 116 114 -9999 -9999 -9999 -9999 -9999 -9999 -9999 -9999 -9999 -9999 -9999 -9999 -9999 -9999 -9999 -9999 -9999 -9999 -9999 -9999 -9999 -9999 -9999 -9999 -9999 -9999 -9999 -9999 -9999
97 292 290 293 292 290 290 292 296 301 309 319 325 324 320 315 309 305 302 302 306 319 3 57 75 82 86 88 90 92 92 91 86 73 53 36 30 29 31 40 54 69 83 95 102 107 109 121 146 140 126 118 113 109 107 106 106 106 109 114 122 -9999 -9999 -9999 -9999 -9999 -9999 -9999 -9999 -9999 -9999 -9999 -9999 -9999 -9999 -9999 -9999 -9999 -9999 -9999 -9999 -9999 -9999 -9999 -9999 -9999 -9999 -9999 -9999 -9999
92 281 281 287 285 281 279 279 280 283 289 298 307 311 311 308 305 301 299 298 300 314 23 72 82 85 87 88 90 89 86 82 70 46 24 15 15 19 25 34 45 55 65 71 74 77 82 91 116 131 131 127 123 119 116 114 113 111 110 110 -9999 -9999 -9999 -9999 -9999 -9999 -9999 -9999 -9999 -9999 -9999 -9999 -9999 -9999 -9999 -9999 -9999 -9999 -9999 -9999 -9999 -9999 -9999 -9999 -9999 -9999 -9999 -9999 -9999 -9999
98 269 274 277 276 272 269 268 269 270 274 280 288 295 299 299 297 295 293 290 289 294 75 90 92 92 92 93 92 88 82 70 48 19 4 3 8 15 24 34 42 49 54 57 57 58 64 76 97 115 124 125 124 123 122 120 118 117 113 99 -9999 -9999 -9999 -9999 -9999 -9999 -9999 -9999 -9999 -9999 -9999 -9999 -9999 -9999 -9999 -9999 -9999 -9999 -9999 -9999 -9999 -9999 -9999 -9999 -9999 -9999 -9999 -9999 -9999 -9999
