Sardinia/Input files/Chia/chia_aspect5k.txt
ncols         409
nrows         321
xllcorner     4217684.204066
yllcorner     1754444.3732635
cellsize      25
NODATA_value  -9999
[rows 120 to 159 of 321, columns 90 to 179 of 409]
310 309 313 322 334 343 349 354 357 356 354 352 352 353 352 351 355 7 20 28 33 34 34 37 44 51 54 55 54 47 36 20 7 2 4 17 34 46 53 57 59 60 62 66 73 85 97 106 112 118 125 134 144 155 163 169 173 173 172 171 169 163 154 142 125 107 98 95 93 89 85 81 78 77 78 80 83 87 92 99 110 122 133 142 145 141 135 129 121 112
308 305 306 313 323 334 344 352 357 357 353 352 354 356 356 354 359 10 21 26 28 29 31 36 43 50 54 54 51 45 34 20 10 6 10 25 39 48 55 59 60 62 64 68 76 86 94 101 105 109 113 120 129 142 154 162 167 169 170 172 173 173 168 162 152 137 124 116 107 99 94 90 87 85 84 85 88 92 98 105 113 122 131 139 142 138 131 125 117 108
307 304 304 307 313 322 334 347 358 1 356 351 352 354 354 356 4 19 31 33 27 25 31 38 45 51 55 55 52 46 36 24 15 14 22 40 53 61 66 67 68 71 76 82 89 95 98 100 101 101 101 102 106 115 127 141 152 158 163 167 173 177 176 172 166 155 142 128 116 106 99 95 92 91 90 90 92 95 100 106 111 117 122 128 130 116 104 102 99 93
303 303 302 304 307 312 320 336 358 9 5 350 344 349 355 8 34 59 62 48 23 20 33 43 49 54 56 57 54 50 43 34 30 36 53 72 84 91 90 88 87 89 94 100 104 106 105 102 98 94 90 86 83 84 93 110 128 142 152 160 169 176 179 178 175 168 159 144 129 117 108 104 102 100 99 98 98 100 102 106 109 112 112 110 91 68 71 72 70 68
299 300 300 300 300 301 305 312 354 37 26 338 293 179 161 157 155 155 149 127 14 17 44 53 56 58 59 59 57 54 52 52 63 86 108 118 123 125 122 118 115 114 115 117 118 117 113 107 100 92 83 76 72 73 83 98 116 132 145 155 162 171 177 181 181 179 174 162 149 138 129 122 118 115 112 109 107 107 108 109 111 111 108 98 51 44 54 53 49 50
292 293 292 289 285 280 267 206 169 161 164 170 171 169 170 170 170 174 182 192 203 204 92 69 64 62 61 61 60 58 59 67 83 106 124 134 138 140 140 139 136 134 133 133 132 129 124 118 108 96 85 77 74 77 87 101 116 131 145 153 158 166 175 182 186 187 183 174 163 155 149 142 137 132 127 122 118 116 116 116 116 115 111 108 64 28 43 45 44 45
279 279 274 267 257 233 195 173 166 164 166 166 165 167 170 173 175 180 189 199 207 208 188 101 71 66 65 63 62 62 66 75 89 106 122 133 141 144 145 145 144 142 141 141 141 140 138 133 125 112 98 89 86 89 96 104 114 127 142 151 155 163 173 181 187 189 186 179 170 164 160 155 150 146 141 135 130 126 124 123 124 124 124 132 215 289 27 42 45 48
262 255 241 228 214 195 178 169 164 162 162 162 162 165 169 174 178 185 196 207 214 216 213 182 80 69 67 65 63 63 68 78 90 103 115 126 134 140 143 144 143 143 143 142 144 146 147 147 145 137 123 110 103 102 103 105 109 116 131 142 149 159 171 180 186 189 187 181 173 167 164 161 157 154 150 145 140 135 131 130 132 137 146 169 226 258 305 36 50 56
241 224 206 199 195 186 176 169 163 160 158 158 159 163 168 175 183 193 206 217 223 225 224 216 138 81 73 69 67 68 72 79 88 97 106 115 123 130 135 137 138 139 139 140 142 146 150 154 157 155 147 134 121 113 109 107 105 106 113 124 136 152 168 178 185 188 186 180 172 167 165 164 162 159 155 151 146 142 139 138 140 150 167 193 221 236 241 296 65 69
222 204 190 188 189 185 178 171 165 160 157 155 157 162 169 178 189 203 218 228 233 234 233 227 195 107 86 80 78 78 79 83 87 92 97 103 110 116 121 124 126 128 130 132 135 141 147 155 162 163 160 149 135 122 114 108 104 99 98 105 117 136 159 175 184 186 182 176 169 164 163 163 163 162 159 154 149 146 144 145 149 161 180 200 217 225 224 207 119 89
209 195 185 182 184 184 179 173 167 162 157 155 157 163 172 184 198 216 230 239 243 245 244 238 211 132 101 91 88 86 86 87 88 89 91 94 97 101 104 106 108 110 113 116 121 128 138 149 159 165 164 157 144 130 117 109 102 97 95 96 100 111 136 168 184 180 173 167 160 157 156 157 159 161 160 155 150 147 147 150 156 168 185 202 215 221 215 195 153 112
200 191 182 178 180 182 180 175 169 163 158 155 157 164 177 192 210 227 239 245 249 251 249 241 215 148 114 102 96 94 92 90 89 89 88 88 88 88 89 90 90 91 93 97 102 110 121 134 148 160 164 160 150 136 121 110 104 102 102 99 94 92 98 133 173 164 157 151 145 144 144 144 149 154 155 150 146 145 146 152 160 170 185 200 211 214 208 194 167 133
194 186 179 176 179 182 181 178 171 164 158 155 157 166 182 202 220 235 244 249 251 252 250 240 213 156 123 111 104 100 97 93 91 89 87 85 84 83 81 80 79 78 79 82 86 92 99 111 127 145 156 157 152 142 129 119 115 114 113 108 100 93 91 109 147 153 149 139 130 128 126 122 124 130 132 129 129 132 137 146 154 163 180 199 208 208 205 197 177 152
187 182 177 176 180 183 184 181 174 166 159 155 157 168 188 211 229 242 249 253 255 254 250 237 212 159 126 117 112 106 102 97 93 89 86 84 81 78 75 71 69 70 71 73 76 79 83 89 101 119 138 148 150 146 138 131 126 124 123 121 117 113 113 121 137 147 148 139 125 112 100 90 84 82 87 93 98 103 110 124 137 150 173 196 202 200 202 197 181 163
181 177 176 177 182 186 187 185 178 169 161 156 158 170 194 219 237 248 254 258 260 258 251 239 216 155 124 116 112 109 106 101 96 91 87 83 78 73 68 65 64 66 68 70 72 74 76 80 87 101 119 135 144 146 142 137 132 129 128 128 129 129 133 136 142 149 151 148 134 108 79 66 59 56 61 69 71 69 73 92 112 129 160 190 196 195 197 194 182 169
177 174 175 179 186 190 191 188 181 172 164 160 162 173 200 227 243 253 259 264 264 261 255 246 226 142 113 107 105 105 105 103 99 94 89 83 77 71 66 63 63 66 69 71 73 74 75 78 85 95 108 124 136 142 141 137 133 130 129 129 130 132 135 140 143 147 151 154 152 135 89 64 56 54 55 56 54 51 55 66 78 91 119 171 189 190 191 189 182 173
173 172 175 182 191 195 195 191 184 174 167 164 167 179 208 235 249 257 262 266 267 264 258 251 235 131 100 96 96 99 102 103 101 97 92 85 79 72 66 63 65 69 72 75 77 78 80 83 88 95 104 115 127 135 136 133 130 127 125 123 123 124 126 130 133 137 143 152 162 165 146 104 78 70 64 58 52 49 50 55 61 69 83 123 170 182 184 183 179 174
169 170 176 186 196 201 199 193 185 176 170 170 175 188 218 242 253 259 263 265 265 262 258 251 237 141 95 88 89 92 95 98 99 98 93 87 79 72 66 65 68 73 77 80 82 84 86 89 92 96 100 106 114 121 122 117 113 109 106 102 101 102 103 105 110 118 132 148 164 172 169 157 129 102 87 77 66 57 54 58 63 70 79 96 135 167 176 176 174 171
166 169 177 190 201 205 202 193 184 177 174 177 185 201 228 249 258 262 264 265 264 260 254 245 228 174 107 91 88 88 91 94 96 97 95 90 83 76 73 73 76 80 82 84 86 88 90 91 92 92 93 93 93 92 88 83 78 73 67 64 64 65 66 71 81 97 117 141 160 171 174 171 161 140 119 107 97 78 69 72 77 82 86 93 111 143 164 168 165 162
164 168 179 194 205 209 204 193 183 176 176 184 196 214 238 254 262 265 266 265 262 256 247 236 218 187 135 103 92 90 91 93 96 98 99 96 92 88 86 85 86 87 87 87 88 88 88 87 86 84 80 73 65 55 47 45 43 39 36 38 42 44 46 52 64 81 100 123 146 164 173 174 173 165 144 126 121 112 99 94 93 94 94 95 101 115 138 150 149 146
164 168 182 200 211 212 206 194 183 176 179 191 208 226 245 258 264 266 265 262 256 246 235 222 209 190 160 121 100 94 93 94 96 98 100 102 101 100 97 96 94 91 89 88 87 85 83 80 76 70 61 52 41 31 25 24 24 25 26 29 33 36 39 45 56 67 80 96 118 145 165 171 175 176 165 147 139 134 122 112 104 100 99 97 94 93 101 120 131 133
166 170 188 207 216 216 209 197 184 178 183 200 221 239 253 261 265 265 262 257 247 233 218 209 201 192 177 146 114 100 95 95 95 97 100 104 106 106 103 101 97 92 89 86 84 81 77 71 64 54 44 35 27 20 16 16 18 20 23 26 30 34 39 46 55 61 67 75 88 109 140 158 168 176 176 169 161 152 138 126 115 107 103 98 86 71 73 85 94 93
174 177 197 214 220 219 212 200 187 182 190 211 234 250 259 264 266 264 259 250 237 220 207 202 199 195 186 166 132 109 99 95 93 94 96 100 103 104 102 99 94 89 85 81 78 74 68 61 52 41 32 25 19 15 12 13 15 20 24 29 34 39 46 52 58 61 63 67 75 87 108 132 149 166 175 174 169 161 150 139 128 117 108 99 75 51 51 47 33 26
188 192 207 219 223 220 212 201 189 188 200 225 246 257 263 265 264 260 253 243 229 212 201 199 199 197 192 178 149 120 103 95 92 90 89 89 90 91 90 87 84 80 78 75 72 67 60 52 43 32 24 19 15 12 11 13 16 22 30 37 44 51 56 61 64 65 67 70 74 80 89 102 117 138 161 169 169 161 153 146 137 125 115 107 81 47 40 27 12 11
202 206 212 219 219 214 207 198 191 194 211 236 253 261 263 263 261 255 247 237 223 209 200 198 200 201 198 187 163 130 107 95 89 85 80 76 74 72 71 71 71 70 70 68 65 60 54 46 37 26 19 15 12 12 13 16 21 30 41 50 58 64 69 72 74 75 76 77 76 73 74 79 88 100 123 150 159 155 149 145 139 129 121 122 142 135 30 5 357 5
208 209 210 211 208 203 199 194 192 200 219 240 253 260 261 260 256 251 243 233 220 208 201 201 204 206 204 197 177 142 112 96 86 79 73 67 62 57 57 58 59 61 63 62 60 56 50 42 33 24 17 14 13 14 18 23 31 44 58 67 74 79 82 84 85 85 84 81 74 65 60 58 62 69 80 103 130 140 140 140 139 134 132 138 162 196 257 309 329 351
208 209 208 205 199 195 193 192 195 208 229 245 253 257 258 257 253 248 240 230 218 208 203 206 210 212 211 205 189 157 122 99 85 76 67 59 51 47 47 48 51 55 58 59 57 53 47 40 33 26 20 18 18 22 30 39 52 66 77 83 88 90 92 93 93 91 86 78 65 53 47 45 48 55 63 74 94 116 129 135 139 141 144 152 173 219 255 274 291 318
208 208 206 201 196 193 193 195 204 222 242 252 256 257 256 255 251 246 237 227 217 209 207 213 218 218 216 208 195 172 139 109 91 77 64 53 45 41 42 45 50 56 59 59 58 54 49 44 39 34 32 33 37 46 61 73 84 91 94 97 98 99 100 99 96 91 81 66 48 38 37 39 43 50 56 65 77 92 109 122 131 139 148 160 187 226 247 258 268 280
205 206 204 199 196 196 198 204 220 241 253 258 258 257 256 253 249 242 233 223 215 212 214 220 224 222 217 209 198 183 158 131 109 88 71 57 47 43 46 51 57 62 64 65 64 61 58 56 54 55 61 71 84 98 105 109 110 110 108 107 107 107 106 101 93 82 66 46 30 27 30 34 40 48 55 62 69 77 86 97 108 122 140 160 192 223 236 244 250 250
203 203 201 198 199 203 210 223 242 255 261 262 261 259 257 253 247 238 227 218 215 216 221 226 226 222 215 207 198 186 170 155 140 122 101 83 68 61 62 66 70 73 75 76 77 76 76 76 78 84 93 104 116 124 127 126 124 121 117 114 111 108 105 98 84 65 43 26 19 21 27 34 42 50 57 62 66 70 75 83 94 106 125 151 185 214 226 232 236 233
199 200 200 200 204 214 227 242 255 263 266 266 264 261 257 251 242 230 219 214 216 221 226 228 225 219 212 204 195 184 174 168 163 157 150 137 122 107 96 91 90 89 89 90 91 92 94 97 101 107 113 120 127 131 133 131 129 125 121 117 112 106 98 85 63 41 24 16 16 22 30 40 48 55 60 62 64 67 73 81 91 101 116 138 173 206 220 226 227 222
199 200 201 203 213 228 241 251 258 263 265 264 262 258 252 243 232 221 213 213 218 224 228 228 224 218 209 199 190 181 174 171 170 171 172 169 161 149 132 119 111 107 106 106 107 108 111 113 117 120 124 128 131 133 134 131 128 124 120 114 106 96 81 60 39 23 15 13 18 27 38 49 57 63 66 68 70 74 80 85 91 98 110 128 158 196 216 220 217 213
203 203 203 209 223 238 247 251 255 258 259 257 254 248 241 232 222 213 211 214 222 228 230 229 224 217 206 195 185 177 172 171 172 175 177 178 173 164 151 138 128 122 119 118 119 121 123 124 124 125 126 127 129 130 130 127 124 118 112 103 91 75 56 38 24 14 10 15 24 36 51 63 70 75 79 81 83 85 88 91 94 97 104 116 141 182 210 214 210 207
205 205 205 214 230 240 245 246 248 249 249 245 240 233 225 218 211 209 211 218 226 231 231 229 223 214 203 191 180 171 168 169 172 177 180 181 178 170 159 148 139 132 128 127 127 129 130 129 127 126 124 123 122 122 121 119 115 107 97 83 66 49 36 27 19 13 13 23 39 58 73 83 89 92 94 95 95 94 95 97 100 101 102 107 122 160 200 209 207 204
204 205 208 219 232 239 239 238 238 238 235 230 223 216 211 208 207 208 214 221 227 230 231 228 223 214 202 189 174 165 163 165 171 177 181 182 179 172 163 154 145 138 134 133 133 134 134 133 129 125 121 118 116 114 112 108 101 90 76 58 42 32 27 23 20 19 26 45 68 85 94 101 105 108 109 110 109 107 105 104 105 105 102 103 111 136 181 201 203 200
200 205 209 218 227 231 229 228 227 226 222 217 210 205 203 205 207 211 217 222 227 229 230 228 222 214 202 187 170 158 157 162 168 175 181 182 179 172 165 157 148 141 138 137 137 137 138 136 132 126 120 115 111 107 102 95 85 69 51 35 25 23 23 23 25 31 46 70 90 102 109 113 117 119 120 121 121 118 113 109 106 103 100 98 103 117 152 186 197 195
196 204 209 215 220 219 217 218 218 217 214 209 203 201 202 206 211 215 220 224 226 228 228 226 221 213 203 187 167 153 151 157 165 173 179 182 179 172 166 159 150 144 141 141 141 142 142 140 136 130 123 116 110 103 95 83 67 47 30 19 15 18 22 27 35 47 66 85 100 109 114 118 122 125 127 127 126 122 115 106 95 86 82 81 82 90 114 156 183 188
188 201 207 213 214 211 210 212 213 212 209 206 201 201 205 210 215 219 222 225 226 227 227 224 220 215 205 188 164 149 146 151 160 170 178 181 178 172 167 159 151 146 144 145 146 147 147 145 141 135 129 122 115 107 95 76 51 28 15 9 10 17 26 36 48 64 81 95 105 111 115 118 122 125 128 128 126 121 111 94 73 58 52 50 50 53 66 95 147 174
167 193 203 209 208 205 205 208 210 210 208 206 204 205 209 215 219 223 225 226 226 227 227 225 222 217 208 189 162 146 144 148 155 166 175 178 175 171 166 160 153 149 148 149 152 154 154 151 146 141 135 130 126 121 111 88 42 14 5 3 9 22 38 54 68 81 92 101 107 112 116 118 119 122 123 122 117 108 87 60 40 32 33 34 36 40 47 58 81 126
132 172 194 203 202 199 201 206 210 210 209 209 209 210 215 220 224 226 227 228 228 228 228 227 224 220 211 191 161 144 141 145 152 162 172 175 172 168 165 160 155 153 153 154 157 161 161 157 152 147 142 138 138 141 143 149 173 335 344 354 16 44 67 81 90 97 102 106 110 113 115 117 117 117 117 113 100 67 32 21 16 18 25 31 36 41 46 50 54 59
