Sardinia/Input files/Chia/chia_aspect5k.txt
ncols         409
nrows         321
xllcorner     4217684.204066
yllcorner     1754444.3732635
cellsize      25
NODATA_value  -9999
[rows 160 to 199 of 321, columns 90 to 179 of 409]
107 139 177 193 194 193 199 206 210 211 211 212 214 217 221 226 228 229 229 229 229 229 229 229 226 223 213 191 160 143 139 142 149 158 167 169 167 164 162 159 156 155 157 160 163 167 168 163 157 152 147 145 148 154 166 183 202 220 237 236 113 103 103 105 107 110 112 113 114 114 115 116 115 112 108 96 52 10 4 6 8 13 23 32 39 44 49 51 50 50
88 102 137 178 181 186 198 206 209 211 212 215 218 223 227 230 231 230 230 230 230 230 231 231 229 224 213 190 160 142 137 140 147 156 162 164 162 160 159 157 157 158 160 164 168 173 173 167 161 154 149 148 152 161 175 190 201 207 204 189 163 141 128 121 119 119 119 119 119 118 116 115 112 106 88 47 358 349 353 358 5 14 24 33 39 45 51 55 55 53
67 64 59 74 123 156 188 201 206 209 213 217 221 225 228 231 231 230 229 230 230 231 231 231 230 225 213 188 160 143 137 139 147 155 159 159 158 156 156 156 158 160 164 168 173 178 177 171 163 155 149 148 154 164 178 190 198 200 195 183 167 151 140 132 128 126 125 124 123 121 118 114 108 91 48 3 343 341 346 353 4 16 27 35 42 49 55 57 56 55
44 37 33 38 54 74 124 179 197 206 211 216 221 225 227 229 228 227 227 228 229 230 231 232 230 225 212 187 161 144 138 139 146 154 156 155 153 152 152 154 157 162 167 173 179 183 182 175 164 152 145 145 151 162 175 187 195 195 190 181 168 154 144 137 133 131 130 128 126 123 120 114 97 51 2 345 337 337 341 350 3 18 30 39 46 53 56 56 55 56
28 24 23 26 31 39 55 91 163 195 208 215 221 225 226 226 225 223 223 225 228 230 231 231 229 224 210 186 162 146 140 140 145 151 153 151 149 148 148 150 154 161 169 178 185 189 189 183 167 148 137 137 144 155 170 183 191 191 186 178 166 154 145 139 135 133 132 131 129 124 117 102 51 0 344 338 335 335 340 350 4 19 32 42 48 52 54 54 54 54
20 19 19 22 27 34 43 56 78 151 200 214 221 224 225 225 223 221 221 224 228 230 230 230 228 222 208 185 162 148 142 141 145 150 150 148 145 144 144 147 151 159 170 182 191 196 198 192 173 148 131 127 132 144 161 176 185 185 181 173 162 153 145 139 135 133 132 131 129 121 100 38 356 344 339 337 336 336 340 351 5 21 36 45 50 52 54 56 55 54
15 16 17 21 28 35 42 48 55 66 140 211 221 224 225 225 224 222 222 225 228 230 230 230 227 220 206 185 163 150 145 144 147 151 150 146 143 142 143 146 151 158 171 185 195 203 207 202 182 149 127 119 120 131 148 165 174 176 174 167 158 149 143 139 135 133 132 130 123 97 22 351 342 340 339 338 338 339 343 353 7 24 38 46 50 52 53 54 54 53
13 15 19 25 32 38 44 48 51 55 63 154 215 224 226 227 225 224 224 227 229 231 231 231 228 220 205 185 165 153 148 147 150 153 152 147 143 142 143 145 150 159 173 188 200 210 216 213 195 155 122 112 112 119 133 150 160 164 164 160 153 146 141 137 134 132 130 124 89 0 344 339 338 338 339 340 341 342 347 356 9 26 39 46 51 53 53 52 52 55
13 17 23 30 35 41 46 49 50 52 57 69 180 221 226 227 225 224 225 228 230 231 231 230 227 219 203 184 166 155 151 151 153 155 154 151 147 144 145 147 152 161 175 191 206 218 224 223 209 170 119 103 103 109 118 131 143 150 152 151 147 143 138 134 130 125 115 60 348 337 335 334 335 337 340 342 343 346 351 359 13 29 40 47 51 53 54 54 57 61
14 21 29 35 39 44 49 51 51 51 54 59 71 205 223 225 225 225 226 228 229 229 230 229 225 216 201 183 167 158 154 154 156 158 157 153 151 149 149 151 156 165 179 198 216 228 234 233 223 193 118 94 94 96 101 110 122 132 138 140 139 137 133 129 120 98 30 348 337 333 332 332 333 335 339 342 345 349 355 4 17 32 42 47 50 52 55 58 63 67
18 27 36 42 46 51 55 55 53 53 54 57 62 93 210 223 224 225 226 226 227 228 228 227 222 212 197 181 169 161 157 157 158 159 158 156 154 154 155 157 163 173 189 214 236 247 252 253 247 231 110 89 87 85 86 92 100 110 119 125 127 127 122 110 72 14 349 340 336 335 333 332 332 334 337 341 345 351 359 8 21 33 42 46 50 54 58 62 66 68
23 35 44 49 54 58 60 60 58 56 55 57 60 66 125 217 222 223 223 224 225 226 226 223 218 208 193 180 169 163 160 159 160 160 159 158 157 158 160 165 174 189 221 254 270 276 278 280 282 291 67 81 77 71 73 77 84 91 99 105 108 105 90 46 2 346 340 338 337 337 335 333 333 334 337 341 345 352 1 11 23 34 42 48 53 58 61 64 66 68
30 43 51 56 60 63 64 63 61 58 56 56 56 56 57 160 219 220 221 222 223 224 222 219 213 203 191 179 170 164 161 161 161 160 159 159 159 162 167 178 198 236 273 289 296 299 301 305 316 341 32 61 59 54 57 62 69 77 82 84 80 66 32 359 344 338 336 337 338 338 338 336 336 336 338 341 346 353 2 13 25 36 44 51 56 60 62 64 66 67
39 51 57 61 63 63 62 61 58 55 53 52 52 50 47 45 96 217 220 220 221 221 219 214 208 199 189 180 171 165 162 162 162 161 160 160 162 167 181 211 255 285 298 305 309 312 315 322 335 356 19 33 37 40 45 51 57 63 66 63 53 32 6 346 337 333 333 335 338 339 340 339 339 340 341 343 347 354 4 15 27 39 47 53 58 60 61 63 64 67
45 59 62 64 63 61 59 56 52 48 46 46 46 46 45 46 51 119 212 217 219 219 216 211 204 196 188 180 172 166 163 162 163 163 162 163 167 181 223 268 290 301 307 312 315 317 321 330 343 359 11 19 25 31 39 45 50 53 53 47 36 19 358 341 331 329 329 332 336 339 341 341 342 344 345 347 350 357 7 18 30 42 51 57 59 60 60 62 65 69
49 66 67 65 63 60 58 53 47 42 40 42 44 46 48 50 53 61 135 208 214 215 213 209 202 195 188 180 173 169 166 164 163 164 167 171 185 236 278 293 300 305 309 313 316 319 322 331 344 356 5 12 19 26 34 39 43 45 43 38 28 14 357 340 329 324 324 327 331 336 341 343 345 348 350 352 355 2 12 24 36 49 58 61 61 61 63 66 69 72
123 82 73 68 64 61 57 51 45 40 39 42 46 49 53 55 56 60 69 146 202 210 211 207 202 195 187 179 175 172 170 167 165 168 178 197 240 280 292 298 302 304 306 309 312 314 317 325 336 348 358 7 15 23 29 34 37 37 35 31 24 13 359 344 332 323 319 321 325 332 339 345 348 353 357 0 4 12 23 35 48 60 66 66 66 66 67 70 72 75
185 122 83 73 70 65 60 53 46 43 44 48 52 56 59 60 60 61 63 77 146 199 206 205 201 195 186 179 177 177 175 172 171 178 201 236 268 284 290 294 297 298 298 298 297 295 296 304 318 333 347 0 10 20 27 31 33 33 31 28 23 14 3 350 338 325 318 316 319 327 336 345 351 359 6 12 17 27 38 49 65 76 77 75 73 72 74 75 77 79
199 181 104 81 76 72 67 62 57 54 55 59 62 65 66 65 63 61 59 61 71 134 195 201 200 194 186 180 180 181 180 179 181 197 230 256 271 279 283 284 285 285 281 276 266 258 259 268 283 304 326 348 5 18 26 30 32 31 30 27 23 16 8 357 345 331 320 314 314 320 331 344 355 7 21 30 38 46 51 62 79 89 90 86 82 80 80 81 82 83
209 209 162 91 80 76 76 76 76 75 74 76 76 75 73 69 65 59 53 49 46 48 72 178 194 191 186 184 184 184 185 188 197 221 246 260 267 271 272 271 268 263 252 239 227 224 230 239 250 266 288 319 354 17 28 31 32 31 30 28 24 19 12 4 353 338 324 314 309 309 316 338 2 21 40 54 63 64 65 76 87 94 96 94 90 87 86 85 84 84
218 221 203 111 85 80 81 84 89 94 94 91 88 85 80 73 64 55 46 41 38 39 42 48 99 170 181 187 188 190 193 198 211 233 247 253 257 259 258 255 249 239 225 213 207 209 216 226 235 244 252 263 297 20 36 38 37 35 33 31 26 22 17 10 0 346 331 317 306 297 290 297 26 71 86 93 96 95 94 96 96 96 97 98 95 91 88 87 86 85
225 227 220 154 92 83 83 87 93 102 106 103 99 94 85 73 60 48 41 37 35 37 39 41 49 73 134 178 189 196 200 205 217 232 241 245 248 249 246 240 233 222 209 202 201 204 212 222 230 235 236 234 226 196 102 69 57 49 43 38 31 27 23 17 8 355 339 321 297 269 231 188 168 159 150 141 140 142 135 123 112 105 101 99 96 92 89 87 86 85
229 233 232 203 101 87 87 89 95 104 111 111 106 98 84 67 53 43 37 34 33 36 40 44 50 58 72 119 169 186 195 203 216 230 237 241 243 241 236 229 222 212 202 197 198 203 212 222 228 230 229 225 217 200 177 150 121 94 74 58 46 39 33 27 19 10 359 332 216 193 180 172 169 168 166 164 163 162 156 146 134 120 108 101 96 93 90 87 85 84
232 236 236 221 125 94 90 90 94 101 109 109 104 96 82 62 47 39 34 31 31 36 42 47 52 56 61 77 118 158 185 205 218 229 235 238 237 232 227 222 215 207 200 196 198 204 214 222 227 228 227 221 213 201 187 175 164 151 136 121 100 79 64 54 49 56 90 141 160 167 168 167 169 171 172 172 173 171 166 161 154 141 122 108 99 95 92 88 85 83
232 237 235 223 165 108 95 92 92 95 98 98 94 90 88 79 55 40 33 28 30 37 43 48 52 56 60 67 81 104 155 209 224 227 230 232 230 226 223 219 213 207 201 198 200 207 217 224 227 227 225 219 212 203 193 184 176 169 162 158 153 144 134 125 123 127 136 145 152 157 160 163 167 171 174 175 177 176 174 173 172 164 146 125 110 101 96 92 89 86
231 235 232 221 186 131 106 97 93 90 89 89 89 91 100 117 127 53 30 26 28 36 42 47 52 55 59 64 74 84 99 198 224 224 225 226 225 223 221 218 213 208 203 200 203 211 219 224 226 226 224 220 214 208 199 189 181 176 172 169 166 163 158 153 148 145 144 145 148 151 154 159 164 169 173 175 177 179 180 182 184 180 169 150 129 115 105 98 94 90
227 231 227 216 193 155 122 106 97 92 91 95 101 106 114 132 171 211 318 11 20 30 39 45 50 54 57 61 67 76 84 124 216 221 221 221 222 222 221 217 213 209 206 203 206 212 219 223 225 226 225 222 218 214 207 195 184 178 174 172 171 168 164 159 154 149 144 143 144 146 148 153 159 165 171 174 177 180 184 188 190 188 181 168 150 133 120 110 101 94
221 226 221 211 197 172 141 118 107 102 104 111 119 123 127 143 185 227 257 313 358 20 34 42 49 53 56 58 61 65 73 85 179 213 216 218 220 221 220 217 214 212 209 205 207 212 217 220 223 225 226 226 226 224 218 205 187 176 171 170 170 169 166 161 156 150 143 138 138 140 143 147 153 160 167 171 175 180 186 192 194 192 187 179 165 150 137 124 111 100
214 218 213 207 199 182 159 136 124 119 119 123 129 133 139 158 198 232 253 274 316 2 27 39 48 53 56 57 58 59 61 66 88 181 209 216 219 220 221 220 220 217 211 206 206 210 214 218 222 226 230 233 235 235 232 219 189 167 160 162 166 169 168 163 157 150 142 135 132 133 135 139 145 153 161 166 172 179 187 193 196 195 191 184 174 162 151 138 124 109
188 205 204 202 198 187 169 149 137 132 130 131 135 140 149 170 203 227 243 258 280 328 17 38 49 54 56 57 57 56 55 57 68 102 184 209 217 219 222 224 225 221 212 204 203 206 209 215 221 228 234 239 242 243 240 226 186 156 149 152 160 167 168 164 159 151 140 132 128 126 128 131 136 144 152 158 166 177 187 194 196 196 193 187 179 171 162 152 139 122
138 180 192 196 195 188 173 156 144 139 137 136 138 143 154 178 207 227 240 252 266 291 356 37 51 57 58 57 56 54 53 54 59 69 107 190 213 219 222 225 225 220 210 200 199 202 207 215 224 233 240 244 245 245 241 223 180 151 144 147 156 165 168 165 160 151 138 129 123 121 120 122 126 133 139 145 155 170 184 192 196 196 193 189 184 178 171 163 153 138
113 150 177 188 190 184 173 158 147 142 140 138 138 142 156 182 213 232 243 252 261 274 317 34 53 59 60 58 56 53 51 50 53 58 69 109 204 218 221 223 223 218 208 198 196 199 207 218 228 238 244 246 247 244 237 214 175 152 146 148 155 165 170 170 164 152 136 124 117 112 110 109 109 111 114 119 129 150 174 188 194 195 194 192 188 183 177 171 165 155
109 128 159 177 181 177 168 157 147 142 138 134 132 134 149 184 220 239 248 254 259 265 283 22 56 61 61 59 56 53 51 50 51 55 62 74 139 212 218 221 221 216 206 198 197 198 206 219 231 240 244 245 243 239 228 204 173 154 149 150 157 167 174 177 172 158 138 120 108 100 95 89 84 80 81 86 94 109 142 172 187 192 195 194 191 187 182 177 173 168
116 122 141 161 168 168 163 154 145 139 132 122 112 108 121 172 226 244 250 254 256 259 265 333 59 64 63 61 58 55 53 52 54 57 63 71 90 179 213 218 218 213 206 202 202 201 208 221 232 240 242 241 237 230 218 197 173 158 152 153 159 169 179 184 182 168 144 117 98 86 76 67 60 55 54 59 65 71 87 123 166 186 193 194 192 189 185 181 178 175
126 126 134 147 154 157 156 151 142 129 108 83 67 64 70 90 238 247 250 253 254 255 256 265 65 67 66 65 62 59 58 58 60 64 68 72 83 123 200 215 215 213 211 212 210 206 211 222 231 236 238 235 229 221 210 193 175 162 155 155 162 173 185 193 194 184 157 111 82 69 58 49 43 39 41 47 53 58 67 81 111 160 182 188 190 189 185 181 180 178
135 131 133 138 142 144 144 138 117 61 33 28 32 39 45 48 330 249 249 251 251 251 251 246 96 77 73 71 69 67 66 67 69 72 74 77 83 99 171 212 214 216 219 221 215 206 208 217 225 230 230 227 222 215 205 191 177 166 159 158 165 177 191 201 205 204 195 121 71 60 49 39 34 34 39 47 53 58 63 69 82 113 153 172 181 183 181 179 179 178
144 135 130 127 123 114 86 25 2 359 3 10 21 32 42 51 53 250 247 247 248 248 245 236 177 98 85 81 79 78 77 78 80 80 81 83 85 90 120 207 218 221 225 223 214 204 204 210 218 223 223 220 216 211 202 191 179 169 163 162 168 181 195 205 210 213 213 201 97 64 50 38 33 36 44 52 58 61 64 67 73 85 111 140 160 170 172 174 178 177
154 139 124 102 61 25 3 351 348 351 357 6 21 35 48 58 67 170 241 245 245 244 240 230 197 129 101 92 89 88 89 89 88 87 86 86 83 82 88 186 223 223 226 221 212 202 200 203 211 217 218 216 213 209 201 192 181 171 165 165 171 183 197 207 212 214 213 208 193 121 72 50 42 49 59 64 66 67 67 68 70 74 85 103 125 144 156 166 175 176
170 157 117 15 359 355 351 346 345 349 356 8 25 44 58 69 79 111 225 239 241 241 237 228 202 155 119 103 97 96 96 96 94 91 88 83 77 75 78 103 221 224 226 218 206 199 197 198 207 215 216 214 211 207 201 193 183 174 167 166 173 184 196 207 211 211 209 207 201 187 167 144 104 91 87 83 79 76 74 72 71 70 74 86 103 121 138 155 167 172
195 212 295 329 339 343 345 344 345 350 358 14 36 56 69 79 88 110 197 230 236 237 234 226 206 170 133 114 105 101 99 97 94 90 85 79 75 75 77 86 193 219 222 211 198 197 196 197 208 216 216 212 209 206 200 194 185 176 169 167 173 183 195 204 208 208 206 204 199 193 187 182 169 146 125 110 99 92 86 82 80 80 84 93 102 111 126 144 158 166
