Sardinia/Input files/Chia/chia_aspect5k.txt
ncols         409
nrows         321
xllcorner     4217684.204066
yllcorner     1754444.3732635
cellsize      25
NODATA_value  -9999
[rows 40 to 79 of 321, columns 270 to 359 of 409]
8 64 81 87 93 99 109 120 133 145 154 156 150 141 132 125 122 123 133 156 171 173 183 221 262 283 290 295 299 302 303 302 298 295 295 296 299 303 308 314 324 351 67 110 129 144 156 167 176 -9999 -9999 -9999 -9999 -9999 -9999 -9999 -9999 -9999 -9999 -9999 -9999 -9999 -9999 -9999 -9999 -9999 -9999 -9999 -9999 -9999 -9999 -9999 -9999 -9999 -9999 -9999 -9999 -9999 -9999 -9999 -9999 -9999 -9999 -9999 -9999 -9999 -9999 -9999 -9999 -9999
26 71 81 85 88 92 100 110 123 137 147 153 152 146 139 133 129 130 138 156 172 184 218 261 274 280 283 287 292 297 300 300 296 291 289 288 289 290 293 300 315 69 105 115 125 135 146 159 170 177 -9999 -9999 -9999 -9999 -9999 -9999 -9999 -9999 -9999 -9999 -9999 -9999 -9999 -9999 -9999 -9999 -9999 -9999 -9999 -9999 -9999 -9999 -9999 -9999 -9999 -9999 -9999 -9999 -9999 -9999 -9999 -9999 -9999 -9999 -9999 -9999 -9999 -9999 -9999 -9999
58 83 87 89 91 95 100 108 118 130 141 148 151 148 142 138 135 136 140 154 178 218 257 269 271 273 276 279 284 289 293 295 293 287 283 281 280 280 280 281 278 109 110 113 118 126 136 149 162 172 177 -9999 -9999 -9999 -9999 -9999 -9999 -9999 -9999 -9999 -9999 -9999 -9999 -9999 -9999 -9999 -9999 -9999 -9999 -9999 -9999 -9999 -9999 -9999 -9999 -9999 -9999 -9999 -9999 -9999 -9999 -9999 -9999 -9999 -9999 -9999 -9999 -9999 -9999 -9999
105 99 98 99 101 104 107 111 117 125 135 143 147 148 144 141 141 146 150 152 185 247 270 272 267 266 269 273 277 280 284 286 285 282 278 277 276 275 274 270 182 107 104 104 107 113 123 136 150 163 173 183 196 -9999 -9999 -9999 -9999 -9999 -9999 -9999 -9999 -9999 -9999 -9999 -9999 -9999 -9999 -9999 -9999 -9999 -9999 -9999 -9999 -9999 -9999 -9999 -9999 -9999 -9999 -9999 -9999 -9999 -9999 -9999 -9999 -9999 -9999 -9999 -9999 -9999
138 118 112 111 111 112 114 117 120 124 131 139 144 147 146 144 146 165 183 167 188 251 270 274 269 266 267 271 274 276 278 279 280 278 276 276 276 276 276 276 87 93 92 92 94 99 106 119 134 149 164 179 196 212 -9999 -9999 -9999 -9999 -9999 -9999 -9999 -9999 -9999 -9999 -9999 -9999 -9999 -9999 -9999 -9999 -9999 -9999 -9999 -9999 -9999 -9999 -9999 -9999 -9999 -9999 -9999 -9999 -9999 -9999 -9999 -9999 -9999 -9999 -9999 -9999
148 131 124 121 121 120 120 121 122 124 128 135 141 146 148 151 154 180 192 181 230 274 280 281 278 277 277 277 277 278 278 279 280 280 279 278 279 280 283 291 50 81 82 83 85 88 93 103 118 135 152 172 193 211 221 225 -9999 -9999 -9999 -9999 -9999 -9999 -9999 -9999 -9999 -9999 -9999 -9999 -9999 -9999 -9999 -9999 -9999 -9999 -9999 -9999 -9999 -9999 -9999 -9999 -9999 -9999 -9999 -9999 -9999 -9999 -9999 -9999 -9999 -9999
149 137 131 128 127 126 125 125 125 125 127 132 138 144 151 163 175 193 213 262 296 297 299 303 300 293 289 286 283 281 281 281 283 285 286 285 286 287 290 304 59 77 77 78 81 84 89 97 109 124 141 164 188 206 217 222 222 -9999 -9999 -9999 -9999 -9999 -9999 -9999 -9999 -9999 -9999 -9999 -9999 -9999 -9999 -9999 -9999 -9999 -9999 -9999 -9999 -9999 -9999 -9999 -9999 -9999 -9999 -9999 -9999 -9999 -9999 -9999 -9999 -9999
147 139 135 133 131 130 130 129 128 127 127 131 137 145 157 177 197 220 270 304 311 311 315 321 319 309 299 292 286 282 282 284 287 291 292 292 292 293 296 322 63 72 77 81 84 88 93 99 107 118 132 154 180 200 213 219 219 215 -9999 -9999 -9999 -9999 -9999 -9999 -9999 -9999 -9999 -9999 -9999 -9999 -9999 -9999 -9999 -9999 -9999 -9999 -9999 -9999 -9999 -9999 -9999 -9999 -9999 -9999 -9999 -9999 -9999 -9999 -9999 -9999
145 138 136 135 133 132 131 131 130 127 125 129 138 154 171 189 216 254 284 302 311 317 323 328 328 323 314 303 290 282 283 286 290 294 295 294 294 294 294 338 79 86 92 94 94 96 99 104 111 119 128 145 171 194 209 217 218 215 208 -9999 -9999 -9999 -9999 -9999 -9999 -9999 -9999 -9999 -9999 -9999 -9999 -9999 -9999 -9999 -9999 -9999 -9999 -9999 -9999 -9999 -9999 -9999 -9999 -9999 -9999 -9999 -9999 -9999 -9999 -9999
142 137 135 134 133 132 132 131 131 129 125 127 137 164 197 226 270 287 297 306 315 323 328 333 334 332 329 323 305 291 288 289 291 293 294 292 288 280 256 168 132 124 116 111 107 106 107 110 115 122 129 141 163 188 205 214 216 215 210 198 178 -9999 -9999 -9999 -9999 -9999 -9999 -9999 -9999 -9999 -9999 -9999 -9999 -9999 -9999 -9999 -9999 -9999 -9999 -9999 -9999 -9999 -9999 -9999 -9999 -9999 -9999 -9999 -9999 -9999
140 134 132 132 131 131 131 132 133 132 127 124 131 191 233 268 291 300 306 312 319 326 332 336 337 338 341 342 328 307 297 293 290 289 288 282 270 243 199 168 153 143 133 126 121 117 115 116 119 123 130 139 156 181 200 210 214 214 211 203 189 168 -9999 -9999 -9999 -9999 -9999 -9999 -9999 -9999 -9999 -9999 -9999 -9999 -9999 -9999 -9999 -9999 -9999 -9999 -9999 -9999 -9999 -9999 -9999 -9999 -9999 -9999 -9999 -9999
140 132 128 128 128 129 130 132 135 135 133 133 146 226 266 286 295 301 307 312 319 326 333 338 340 343 347 350 341 321 304 294 287 280 273 262 241 210 180 163 155 147 140 135 130 126 123 123 124 126 131 138 150 172 195 207 213 214 212 207 197 182 161 -9999 -9999 -9999 -9999 -9999 -9999 -9999 -9999 -9999 -9999 -9999 -9999 -9999 -9999 -9999 -9999 -9999 -9999 -9999 -9999 -9999 -9999 -9999 -9999 -9999 -9999 -9999
141 130 124 122 123 125 126 130 134 135 138 150 191 251 286 294 298 302 306 310 316 324 332 339 343 346 350 352 345 325 304 288 275 264 253 239 219 193 171 158 151 146 140 136 133 130 128 127 128 129 132 138 147 165 189 205 211 212 211 208 202 193 178 156 -9999 -9999 -9999 -9999 -9999 -9999 -9999 -9999 -9999 -9999 -9999 -9999 -9999 -9999 -9999 -9999 -9999 -9999 -9999 -9999 -9999 -9999 -9999 -9999 -9999 -9999
146 128 120 117 117 119 122 126 132 135 140 169 229 270 288 292 295 299 303 307 313 320 329 339 347 353 358 357 341 309 281 265 254 246 238 226 209 186 165 152 145 140 135 132 129 128 127 127 127 128 130 136 144 158 182 201 207 209 208 207 205 202 193 177 148 116 -9999 -9999 -9999 -9999 -9999 -9999 -9999 -9999 -9999 -9999 -9999 -9999 -9999 -9999 -9999 -9999 -9999 -9999 -9999 -9999 -9999 -9999 -9999 -9999
155 133 118 112 111 113 116 121 129 137 149 188 245 276 287 289 290 292 295 299 304 310 321 337 353 8 25 48 162 215 227 230 231 232 229 221 207 184 160 144 136 131 126 123 120 119 118 119 121 123 125 130 138 151 174 194 201 204 206 208 210 208 203 195 172 129 106 -9999 -9999 -9999 -9999 -9999 -9999 -9999 -9999 -9999 -9999 -9999 -9999 -9999 -9999 -9999 -9999 -9999 -9999 -9999 -9999 -9999 -9999 -9999
167 142 123 111 108 108 109 111 120 139 157 206 254 272 279 282 283 283 283 284 286 289 295 314 15 73 104 126 154 182 203 215 222 227 227 222 212 190 157 133 119 112 108 105 102 100 100 101 105 110 115 120 127 141 162 182 194 199 205 212 215 215 213 208 192 146 112 99 -9999 -9999 -9999 -9999 -9999 -9999 -9999 -9999 -9999 -9999 -9999 -9999 -9999 -9999 -9999 -9999 -9999 -9999 -9999 -9999 -9999 -9999
179 154 129 113 105 102 101 100 107 130 163 231 260 266 267 268 268 267 265 264 261 256 246 216 161 137 134 139 152 173 196 212 222 227 228 227 221 205 164 117 97 89 84 82 81 81 82 84 87 92 97 104 111 125 144 164 183 193 205 216 220 221 221 217 205 165 122 105 99 -9999 -9999 -9999 -9999 -9999 -9999 -9999 -9999 -9999 -9999 -9999 -9999 -9999 -9999 -9999 -9999 -9999 -9999 -9999 -9999 -9999
190 168 138 117 106 101 97 96 100 114 170 251 261 259 256 254 252 251 249 246 241 232 217 195 171 153 143 143 152 170 194 213 224 230 232 232 229 222 196 108 81 72 69 67 68 69 71 74 77 81 85 90 96 104 120 141 166 184 204 218 223 225 224 221 210 179 138 118 109 104 -9999 -9999 -9999 -9999 -9999 -9999 -9999 -9999 -9999 -9999 -9999 -9999 -9999 -9999 -9999 -9999 -9999 -9999 -9999 -9999
198 180 153 129 116 108 102 99 99 103 187 259 256 249 247 245 242 240 238 234 228 218 205 190 176 163 153 150 156 171 193 213 226 233 236 237 237 236 227 125 73 64 62 61 61 63 65 68 72 76 79 82 86 91 101 116 139 169 197 217 225 227 227 223 211 184 152 131 120 115 113 -9999 -9999 -9999 -9999 -9999 -9999 -9999 -9999 -9999 -9999 -9999 -9999 -9999 -9999 -9999 -9999 -9999 -9999 -9999
200 186 165 142 127 119 111 107 105 103 211 258 249 241 240 239 237 235 231 226 219 210 200 189 179 170 162 159 164 176 195 217 230 237 240 242 243 244 240 206 78 63 61 61 62 65 67 70 73 75 77 78 80 84 90 98 112 140 183 217 229 232 230 223 207 183 160 142 130 125 124 123 -9999 -9999 -9999 -9999 -9999 -9999 -9999 -9999 -9999 -9999 -9999 -9999 -9999 -9999 -9999 -9999 -9999 -9999
200 188 171 151 136 127 119 115 111 108 231 260 251 243 240 236 235 233 228 222 215 206 198 189 182 176 170 167 172 184 204 225 237 243 246 248 249 248 244 231 107 65 66 67 69 71 73 74 76 77 77 77 77 80 86 94 105 122 161 211 228 230 226 215 198 180 165 151 140 133 131 130 130 -9999 -9999 -9999 -9999 -9999 -9999 -9999 -9999 -9999 -9999 -9999 -9999 -9999 -9999 -9999 -9999 -9999
198 187 173 158 145 136 128 126 126 120 255 267 261 254 245 237 234 230 224 219 213 205 197 189 184 181 178 178 183 197 221 241 251 257 258 258 256 253 249 245 256 70 77 79 79 79 79 80 80 80 80 79 79 81 85 92 103 119 147 189 212 219 215 204 190 177 166 156 147 139 133 132 132 134 138 -9999 -9999 -9999 -9999 -9999 -9999 -9999 -9999 -9999 -9999 -9999 -9999 -9999 -9999 -9999
194 183 171 160 152 145 137 133 136 149 258 267 264 258 246 236 233 229 223 218 213 205 197 191 186 185 186 189 199 217 241 259 268 272 271 269 265 260 255 252 253 98 93 91 89 87 86 86 86 85 85 84 83 83 83 86 95 114 139 168 194 204 203 195 186 176 167 158 150 142 136 134 134 138 144 146 -9999 -9999 -9999 -9999 -9999 -9999 -9999 -9999 -9999 -9999 -9999 -9999 -9999 -9999
182 178 168 158 152 148 142 139 148 190 243 252 252 246 234 230 232 230 225 219 214 207 199 193 188 189 195 204 218 237 257 271 279 281 280 278 274 266 257 248 226 139 115 104 98 95 95 94 94 93 92 90 88 84 82 83 90 107 131 156 179 191 191 189 183 176 169 161 153 148 143 141 141 142 145 149 147 -9999 -9999 -9999 -9999 -9999 -9999 -9999 -9999 -9999 -9999 -9999 -9999 -9999
162 173 168 158 150 145 143 149 169 203 231 236 234 227 221 228 236 236 230 223 219 213 205 197 193 198 210 224 240 256 269 278 284 288 287 283 277 266 252 232 197 156 135 120 110 105 102 100 100 99 98 97 94 89 85 85 91 102 121 145 167 177 180 182 180 176 170 163 157 153 150 148 150 149 146 147 150 159 -9999 -9999 -9999 -9999 -9999 -9999 -9999 -9999 -9999 -9999 -9999 -9999
145 168 168 160 152 146 144 154 181 211 225 227 225 220 218 227 240 247 247 239 233 228 220 211 210 221 236 249 261 270 277 282 286 288 287 283 274 257 233 209 184 163 145 130 119 112 107 105 104 104 104 105 104 100 96 94 95 98 108 127 151 157 161 168 173 173 170 164 159 157 155 155 157 158 150 147 155 171 198 -9999 -9999 -9999 -9999 -9999 -9999 -9999 -9999 -9999 -9999 -9999
135 162 164 158 152 145 147 160 193 219 226 227 226 224 223 228 239 249 255 261 265 266 264 265 265 262 265 271 276 279 281 282 283 283 281 275 260 233 208 192 179 166 153 138 126 118 112 110 109 110 110 112 114 114 111 106 100 98 98 105 123 130 137 150 161 166 167 162 158 158 161 162 165 164 153 151 164 186 214 245 -9999 -9999 -9999 -9999 -9999 -9999 -9999 -9999 -9999 -9999
128 159 162 152 146 142 147 171 213 235 238 240 242 239 232 228 235 245 251 260 277 292 306 319 328 319 299 290 288 284 282 281 280 277 272 258 231 202 189 182 174 166 158 146 133 123 117 114 113 113 114 117 121 124 122 116 107 101 97 98 110 118 124 136 150 157 160 157 154 156 163 170 174 169 156 154 174 202 230 255 267 -9999 -9999 -9999 -9999 -9999 -9999 -9999 -9999 -9999
118 155 163 147 136 132 140 197 256 273 280 281 276 270 260 247 249 255 259 270 287 302 319 334 345 342 325 307 297 289 284 280 277 271 261 235 201 184 178 175 171 167 161 150 136 127 120 116 114 114 117 122 127 131 131 126 116 108 105 109 119 121 122 129 140 149 153 150 147 150 161 175 181 172 160 160 184 217 241 256 -9999 -9999 -9999 -9999 -9999 -9999 -9999 -9999 -9999 -9999
106 141 161 144 129 119 112 292 299 313 322 324 320 313 309 299 282 277 281 291 301 310 322 336 345 347 337 320 304 293 285 280 273 264 246 211 182 173 170 170 169 168 164 152 137 126 119 115 112 112 116 124 132 137 139 137 130 123 121 123 126 125 125 127 133 141 145 138 129 128 142 172 181 169 160 166 195 225 240 246 248 -9999 -9999 -9999 -9999 -9999 -9999 -9999 -9999 -9999
100 124 150 138 122 96 352 313 312 325 338 345 347 346 346 333 310 297 296 300 305 311 320 332 341 346 343 329 312 298 288 279 271 257 229 190 170 164 164 166 167 168 165 152 136 123 115 112 111 111 115 122 131 137 142 143 139 134 132 130 129 128 129 131 134 140 139 113 86 71 62 76 137 150 152 167 201 224 231 233 232 231 -9999 -9999 -9999 -9999 -9999 -9999 -9999 -9999
96 116 141 132 112 358 321 312 313 326 343 353 358 1 1 350 330 312 303 301 302 307 316 327 336 343 344 334 318 304 294 283 271 250 211 176 161 157 158 162 166 168 163 148 131 117 109 106 107 109 111 116 122 129 136 141 138 136 132 128 126 124 126 131 136 148 159 96 56 46 46 58 84 113 132 157 199 220 224 225 224 221 211 -9999 -9999 -9999 -9999 -9999 -9999 -9999
93 110 135 131 347 314 311 311 314 327 344 355 2 7 7 359 343 324 309 302 299 300 305 316 327 337 341 334 321 310 300 288 270 238 188 163 154 153 154 160 166 170 164 145 127 114 106 102 102 103 104 107 112 117 124 132 133 132 126 121 117 112 109 111 118 146 210 222 43 45 55 67 80 94 111 137 186 212 218 221 220 215 204 187 -9999 -9999 -9999 -9999 -9999 -9999
92 108 141 183 299 305 307 309 313 325 340 352 3 10 9 3 351 335 315 302 295 292 292 297 309 325 332 329 321 312 302 288 261 210 168 153 149 149 152 159 167 172 168 149 129 117 108 101 98 97 97 99 101 104 111 121 127 124 116 111 106 97 87 76 63 37 324 255 13 61 70 75 79 84 94 116 160 195 208 214 215 211 203 187 155 -9999 -9999 -9999 -9999 -9999
94 106 146 238 286 296 298 300 305 316 331 346 0 9 9 5 358 347 327 308 297 290 287 288 293 305 315 318 314 305 294 275 225 176 156 148 144 144 149 158 166 171 170 155 135 122 111 101 95 93 90 90 92 95 101 109 118 116 108 101 92 78 62 48 38 34 38 110 206 117 86 82 80 81 87 102 134 170 194 209 214 213 209 199 163 113 -9999 -9999 -9999 -9999
97 109 147 258 277 284 285 285 288 300 316 335 352 3 6 5 2 357 345 329 313 300 291 286 285 289 295 298 295 286 267 230 178 156 151 148 145 143 147 156 166 172 170 159 143 129 118 104 94 89 85 82 82 85 90 98 110 114 108 98 83 65 49 41 41 48 63 92 185 162 114 99 92 90 95 105 124 149 181 207 217 218 215 208 181 134 108 -9999 -9999 -9999
102 119 182 264 271 273 272 272 276 286 300 319 339 354 1 3 5 4 358 348 336 321 306 296 290 285 280 273 260 245 225 193 159 146 147 150 148 144 144 151 163 170 167 160 148 138 129 115 101 91 83 79 79 82 87 93 104 112 110 103 92 77 62 56 60 69 77 90 150 161 138 124 114 108 108 112 121 136 168 207 222 222 217 209 187 151 129 114 -9999 -9999
104 126 214 252 262 266 269 271 274 280 291 307 325 343 354 1 6 8 7 2 355 344 328 316 305 292 278 262 244 227 206 175 151 143 145 149 148 145 142 144 154 162 162 159 152 144 137 126 114 102 94 90 89 89 89 88 91 98 103 104 104 102 97 90 87 86 87 95 128 151 148 144 136 124 117 116 118 126 155 211 229 227 219 209 188 160 143 134 -9999 -9999
101 122 225 251 263 269 273 278 282 287 295 305 318 334 347 357 6 11 12 10 7 1 348 335 324 310 289 264 242 218 184 160 147 142 145 146 145 144 142 141 146 152 154 156 155 150 142 132 124 116 108 103 98 93 89 85 84 88 93 99 106 114 120 117 106 97 95 102 124 143 153 158 154 139 126 119 116 118 141 219 237 232 220 205 186 164 150 144 137 -9999
102 119 244 269 276 279 282 287 293 298 302 308 316 327 340 353 4 12 15 16 16 13 5 356 347 340 328 285 231 186 161 149 142 139 142 143 140 140 139 139 141 142 144 150 156 154 145 137 130 123 113 106 100 95 91 89 87 87 89 95 105 117 127 129 120 109 104 107 119 133 151 167 169 153 136 123 115 111 125 233 245 235 215 197 180 164 153 148 141 128
