Sardinia/Input files/Chia/chia_elev5k.txt
ncols         409
nrows         321
xllcorner     4217684.204066
yllcorner     1754444.3732635
cellsize      25
NODATA_value  -9999
[rows 0 to 40 of 321, columns 188 to 281 of 409]
-9999 -9999 -9999 -9999 -9999 -9999 -9999 -9999 -9999 -9999 -9999 -9999 -9999 -9999 -9999 -9999 -9999 -9999 -9999 -9999 -9999 -9999 -9999 -9999 -9999 -9999 -9999 -9999 -9999 -9999 -9999 -9999 -9999 -9999 -9999 -9999 -9999 -9999 -9999 -9999 -9999 -9999 -9999 -9999 -9999 -9999 -9999 -9999 -9999 -9999 -9999 -9999 -9999 -9999 -9999 -9999 -9999 -9999 -9999 -9999 -9999 -9999 -9999 -9999 -9999 -9999 -9999 -9999 -9999 -9999 -9999 -9999 -9999 -9999 -9999 -9999 -9999 -9999 -9999 -9999 -9999 -9999 -9999 -9999 -9999 -9999 -9999 -9999 -9999 -9999 -9999 -9999 -9999 -9999
-9999 -9999 -9999 -9999 -9999 -9999 -9999 -9999 -9999 -9999 -9999 -9999 -9999 -9999 -9999 -9999 -9999 -9999 -9999 -9999 -9999 -9999 -9999 -9999 -9999 -9999 -9999 -9999 -9999 -9999 -9999 -9999 -9999 -9999 -9999 -9999 -9999 -9999 -9999 -9999 -9999 -9999 -9999 -9999 -9999 -9999 -9999 -9999 -9999 -9999 -9999 -9999 -9999 -9999 -9999 -9999 -9999 -9999 -9999 -9999 -9999 -9999 -9999 -9999 -9999 -9999 -9999 -9999 -9999 -9999 -9999 -9999 -9999 -9999 -9999 -9999 -9999 -9999 -9999 -9999 -9999 -9999 -9999 -9999 -9999 -9999 -9999 -9999 -9999 -9999 -9999 -9999 -9999 -9999
-9999 -9999 -9999 -9999 -9999 -9999 -9999 -9999 -9999 -9999 -9999 -9999 -9999 -9999 -9999 -9999 -9999 -9999 -9999 -9999 -9999 -9999 -9999 -9999 -9999 -9999 -9999 -9999 -9999 -9999 -9999 -9999 -9999 -9999 -9999 -9999 -9999 -9999 -9999 -9999 -9999 -9999 -9999 -9999 -9999 -9999 -9999 -9999 -9999 -9999 -9999 -9999 -9999 -9999 -9999 -9999 -9999 -9999 -9999 -9999 -9999 -9999 -9999 -9999 -9999 -9999 -9999 -9999 -9999 -9999 -9999 -9999 -9999 -9999 -9999 -9999 -9999 -9999 -9999 -9999 -9999 -9999 -9999 -9999 -9999 -9999 -9999 -9999 -9999 -9999 -9999 -9999 -9999 -9999
-9999 -9999 -9999 -9999 -9999 -9999 -9999 -9999 -9999 -9999 -9999 -9999 -9999 -9999 -9999 -9999 -9999 -9999 -9999 -9999 -9999 -9999 -9999 -9999 -9999 -9999 -9999 -9999 -9999 -9999 -9999 -9999 -9999 -9999 -9999 -9999 -9999 -9999 -9999 -9999 -9999 -9999 -9999 -9999 -9999 -9999 -9999 -9999 -9999 -9999 -9999 -9999 -9999 -9999 -9999 -9999 -9999 -9999 -9999 -9999 -9999 -9999 -9999 -9999 -9999 -9999 -9999 -9999 -9999 -9999 -9999 -9999 -9999 -9999 -9999 -9999 -9999 -9999 -9999 -9999 -9999 -9999 -9999 -9999 -9999 -9999 -9999 -9999 -9999 -9999 -9999 -9999 -9999 -9999
-9999 -9999 -9999 -9999 128 131 136 142 149 157 165 175 185 195 206 215 223 230 236 241 246 250 254 257 260 261 261 256 251 244 237 -9999 -9999 -9999 -9999 -9999 -9999 -9999 -9999 -9999 -9999 -9999 -9999 -9999 -9999 -9999 -9999 -9999 -9999 -9999 -9999 -9999 -9999 -9999 -9999 -9999 -9999 -9999 -9999 -9999 -9999 -9999 -9999 -9999 -9999 -9999 -9999 -9999 -9999 -9999 -9999 -9999 -9999 -9999 -9999 -9999 -9999 -9999 -9999 -9999 -9999 -9999 -9999 -9999 -9999 -9999 -9999 -9999 -9999 -9999 -9999 -9999 -9999 -9999
110 113 115 117 120 124 129 136 144 153 163 172 182 193 202 212 220 227 233 238 243 249 253 257 259 261 261 257 252 246 237 229 220 214 209 206 203 -9999 -9999 -9999 -9999 -9999 -9999 -9999 -9999 -9999 -9999 -9999 -9999 -9999 -9999 -9999 -9999 -9999 -9999 -9999 -9999 -9999 -9999 -9999 -9999 -9999 -9999 -9999 -9999 -9999 -9999 -9999 -9999 -9999 -9999 -9999 -9999 -9999 -9999 -9999 -9999 -9999 -9999 -9999 -9999 -9999 -9999 -9999 -9999 -9999 -9999 -9999 -9999 -9999 -9999 -9999 -9999 -9999
101 103 105 109 112 117 123 131 140 151 161 171 180 190 199 207 215 222 228 234 240 246 251 255 259 260 260 257 253 246 237 227 218 210 205 202 200 197 194 188 182 175 -9999 -9999 -9999 -9999 -9999 -9999 -9999 -9999 -9999 -9999 -9999 -9999 -9999 -9999 -9999 -9999 -9999 -9999 -9999 -9999 -9999 -9999 -9999 -9999 -9999 -9999 -9999 -9999 -9999 -9999 -9999 -9999 -9999 -9999 -9999 -9999 -9999 -9999 -9999 -9999 -9999 -9999 -9999 -9999 -9999 -9999 -9999 -9999 -9999 -9999 -9999 -9999
90 93 97 101 105 111 118 127 137 148 159 169 178 186 194 202 209 216 223 229 235 242 249 254 257 259 259 256 251 244 235 224 214 206 200 198 196 194 190 185 179 171 165 159 156 153 152 152 153 -9999 -9999 -9999 -9999 -9999 -9999 -9999 -9999 -9999 -9999 -9999 -9999 -9999 -9999 -9999 -9999 -9999 -9999 -9999 -9999 -9999 -9999 -9999 -9999 -9999 -9999 -9999 -9999 -9999 -9999 -9999 -9999 -9999 -9999 -9999 -9999 -9999 -9999 -9999 -9999 -9999 -9999 -9999 -9999 -9999
81 84 88 93 98 105 114 123 134 145 156 165 174 181 188 195 202 209 216 223 230 238 245 251 255 258 257 254 249 241 230 219 208 199 194 192 192 190 186 181 174 167 161 156 153 151 150 151 153 155 159 164 172 180 -9999 -9999 -9999 -9999 -9999 -9999 -9999 -9999 -9999 -9999 -9999 -9999 -9999 -9999 -9999 -9999 -9999 -9999 -9999 -9999 -9999 -9999 -9999 -9999 -9999 -9999 -9999 -9999 -9999 -9999 -9999 -9999 -9999 -9999 -9999 -9999 -9999 -9999 -9999 -9999
73 77 81 86 92 100 110 120 131 142 152 160 167 174 180 186 193 200 208 215 223 232 240 247 252 254 254 250 244 235 224 212 201 192 187 186 187 185 181 176 169 162 157 153 151 150 150 152 154 156 160 166 173 181 190 201 213 226 239 251 -9999 -9999 -9999 -9999 -9999 -9999 -9999 -9999 -9999 -9999 -9999 -9999 -9999 -9999 -9999 -9999 -9999 -9999 -9999 -9999 -9999 -9999 -9999 -9999 -9999 -9999 -9999 -9999 -9999 -9999 -9999 -9999 -9999 -9999
66 70 74 80 87 96 106 116 127 137 146 153 159 164 170 176 183 191 199 207 216 226 235 243 248 250 249 245 238 228 216 204 192 184 180 179 179 178 174 169 163 157 153 151 150 150 151 154 157 160 164 170 178 186 195 204 216 228 241 252 262 269 273 275 275 -9999 -9999 -9999 -9999 -9999 -9999 -9999 -9999 -9999 -9999 -9999 -9999 -9999 -9999 -9999 -9999 -9999 -9999 -9999 -9999 -9999 -9999 -9999 -9999 -9999 -9999 -9999 -9999 -9999
62 65 69 75 83 92 102 112 122 131 138 145 150 154 159 165 173 182 191 200 210 220 230 238 243 245 243 239 231 220 208 195 184 176 172 171 171 170 166 161 157 152 149 148 148 150 153 157 161 166 171 178 187 195 202 211 222 234 245 255 264 270 274 276 276 275 275 274 273 -9999 -9999 -9999 -9999 -9999 -9999 -9999 -9999 -9999 -9999 -9999 -9999 -9999 -9999 -9999 -9999 -9999 -9999 -9999 -9999 -9999 -9999 -9999 -9999 -9999
58 61 65 71 79 88 98 108 116 124 130 135 139 143 149 156 164 174 184 194 204 215 225 233 238 240 238 233 224 213 200 187 177 169 165 164 163 160 157 153 149 146 145 145 148 151 156 162 168 173 180 189 199 206 213 221 231 242 251 260 267 272 275 276 275 275 274 273 272 271 271 272 -9999 -9999 -9999 -9999 -9999 -9999 -9999 -9999 -9999 -9999 -9999 -9999 -9999 -9999 -9999 -9999 -9999 -9999 -9999 -9999 -9999 -9999
55 58 62 67 75 84 93 102 110 116 121 125 130 134 140 148 157 168 178 189 200 212 222 230 234 236 233 227 218 206 193 181 170 163 159 157 155 152 148 145 142 141 141 143 147 153 160 167 175 183 191 202 212 219 226 233 243 251 259 265 270 275 277 276 275 274 273 272 270 270 270 270 271 272 274 275 -9999 -9999 -9999 -9999 -9999 -9999 -9999 -9999 -9999 -9999 -9999 -9999 -9999 -9999 -9999 -9999 -9999 -9999
53 55 58 63 70 78 87 95 102 108 113 117 122 127 134 143 153 164 176 188 199 210 219 227 231 231 228 222 212 200 188 176 165 158 153 150 147 144 140 137 136 136 138 142 148 155 164 173 183 193 203 214 224 233 240 247 255 261 267 271 275 277 278 277 275 274 273 271 270 268 268 268 268 270 271 273 275 276 277 -9999 -9999 -9999 -9999 -9999 -9999 -9999 -9999 -9999 -9999 -9999 -9999 -9999 -9999 -9999
52 52 54 60 66 73 80 88 95 100 105 110 116 123 131 140 151 163 176 188 199 210 219 225 229 228 224 217 207 195 183 171 160 153 148 144 140 136 133 132 132 133 136 141 148 157 167 179 191 203 214 225 236 245 253 260 266 271 275 277 279 280 279 277 275 274 272 270 268 266 266 266 266 267 269 271 273 274 274 273 269 265 -9999 -9999 -9999 -9999 -9999 -9999 -9999 -9999 -9999 -9999 -9999 -9999
53 52 53 57 62 68 75 81 88 94 99 106 113 121 130 141 152 164 177 189 201 211 219 225 227 225 220 213 203 191 178 167 156 148 142 138 134 130 128 128 129 131 136 141 149 159 171 184 198 211 223 236 247 256 264 271 276 279 281 282 281 280 278 276 275 273 271 268 266 264 264 264 265 266 268 270 272 273 273 270 264 258 251 245 239 -9999 -9999 -9999 -9999 -9999 -9999 -9999 -9999 -9999
54 53 52 54 59 64 69 75 82 88 95 102 111 121 131 143 155 167 179 192 203 213 221 225 226 223 218 210 199 187 175 164 153 145 138 133 129 126 125 126 127 130 136 142 151 162 175 189 203 217 230 243 254 264 272 278 282 284 284 283 281 278 276 275 273 271 269 266 263 262 262 262 263 265 268 270 272 273 272 267 260 252 243 236 229 224 221 217 -9999 -9999 -9999 -9999 -9999 -9999
55 54 53 53 57 61 65 71 77 84 91 100 110 121 133 145 158 170 182 194 205 215 222 225 225 222 215 207 196 183 172 161 151 142 135 130 125 123 123 124 126 130 136 144 153 164 178 192 207 221 234 247 258 267 275 280 284 285 283 282 279 276 274 272 270 268 265 263 260 259 259 260 262 264 267 270 272 272 269 263 255 246 236 227 220 215 212 209 205 202 -9999 -9999 -9999 -9999
57 55 53 53 55 59 64 69 75 82 89 99 109 121 134 147 159 172 184 195 205 214 221 224 224 220 213 204 193 181 170 159 149 140 133 127 122 120 120 121 125 130 136 144 154 166 179 194 209 223 236 247 258 267 274 280 284 284 282 280 277 273 270 268 266 264 261 259 257 257 257 258 260 262 265 268 270 269 265 258 249 239 229 219 212 207 203 200 197 194 191 186 180 -9999
58 56 54 52 54 59 64 68 74 81 89 98 109 121 134 147 159 172 183 194 203 211 217 220 220 217 211 201 190 178 167 157 147 137 130 123 118 116 116 119 123 128 135 144 155 167 181 195 209 223 235 246 256 264 272 278 281 282 280 277 273 269 266 263 262 259 257 256 254 254 255 257 258 260 262 264 265 263 258 251 241 230 220 211 204 199 196 193 190 187 183 179 173 167
60 57 55 53 54 59 64 68 74 81 89 98 109 121 133 146 158 170 180 190 198 205 210 213 215 213 207 198 187 176 165 154 143 134 125 118 114 112 112 115 120 126 134 144 155 167 181 195 209 221 233 243 252 260 267 273 277 277 276 273 269 265 261 259 257 255 253 252 252 252 253 254 256 256 257 257 257 254 248 240 231 220 211 203 196 192 189 185 182 179 175 171 166 160
61 58 56 54 54 59 65 69 74 81 90 99 109 120 132 143 154 165 175 183 191 197 201 205 207 206 202 194 184 173 162 151 139 128 120 114 109 107 108 112 118 125 134 144 156 169 182 195 208 220 230 240 248 256 263 268 271 272 271 268 264 260 257 254 252 250 249 248 248 249 250 251 252 251 251 250 248 245 238 230 220 210 202 194 189 184 180 177 173 170 166 162 157 151
64 60 57 54 54 60 65 69 75 82 90 99 108 118 129 139 149 159 167 175 181 187 191 195 198 198 196 190 181 169 157 145 133 123 115 109 106 105 106 111 117 126 135 146 158 171 184 196 208 218 228 236 244 252 258 262 265 266 265 262 259 255 251 248 246 245 244 244 245 245 246 246 246 245 244 242 240 235 228 219 210 201 193 187 181 176 172 168 164 160 155 151 146 141
68 63 59 55 54 60 66 69 75 82 90 98 106 115 124 133 142 151 158 165 171 176 181 185 189 190 189 183 175 163 151 138 127 117 110 105 103 103 106 111 118 128 139 150 163 175 187 199 209 219 227 235 241 248 253 256 258 259 257 255 252 248 244 241 240 239 239 239 239 240 240 239 239 238 237 235 231 226 219 210 201 193 186 179 174 169 164 159 154 149 144 139 134 130
73 67 62 56 54 60 65 68 74 80 88 96 103 111 119 127 135 142 149 155 161 166 171 176 180 182 181 176 167 156 143 131 120 112 106 102 102 103 107 113 121 132 144 157 170 182 193 204 213 221 228 234 239 244 247 249 250 250 249 247 243 239 235 233 232 231 231 232 232 232 232 231 231 230 230 228 225 219 212 203 195 187 180 174 169 163 157 151 144 138 132 126 122 119
79 72 67 59 55 58 62 66 71 77 84 91 98 105 112 119 127 134 140 147 152 158 164 169 173 175 173 167 159 147 135 123 113 106 102 100 101 103 109 116 126 138 152 165 178 190 201 210 218 225 230 234 238 240 241 242 242 242 240 238 234 230 226 224 223 222 222 223 222 222 221 222 222 223 223 222 219 214 207 198 190 183 177 171 166 159 152 144 135 128 121 115 111 109
86 78 72 65 57 54 60 64 67 72 78 85 92 98 104 111 119 126 133 139 145 151 157 162 166 167 165 159 150 138 126 116 107 101 97 97 100 104 111 121 132 145 159 174 187 198 208 217 224 229 233 235 236 236 236 234 233 233 231 229 225 220 216 214 213 213 213 212 212 211 211 212 213 215 216 216 213 208 201 194 187 180 175 170 164 157 149 139 129 120 112 106 102 100
94 85 78 69 59 53 56 60 63 66 72 77 83 90 96 103 111 118 125 131 138 145 151 157 160 160 158 151 141 130 118 108 100 95 94 95 99 106 115 126 138 153 167 181 195 206 216 223 229 233 235 235 235 232 230 227 225 224 222 219 215 211 207 205 203 202 202 201 200 200 201 202 204 207 209 209 207 202 195 189 183 178 174 169 164 157 147 136 125 115 107 101 96 94
102 93 83 74 62 53 53 56 58 61 65 69 75 80 87 94 102 110 118 126 133 140 147 152 155 155 151 143 133 121 110 101 94 91 91 94 99 107 118 130 144 159 174 188 201 213 222 229 233 236 237 236 233 228 224 220 217 215 213 210 206 202 198 195 193 191 190 189 189 189 190 192 195 198 200 200 198 193 188 182 178 175 172 169 164 156 146 135 123 113 104 98 93 90
110 100 89 78 67 58 53 52 54 56 59 63 67 73 79 86 95 103 112 121 129 137 144 149 152 151 146 138 127 115 104 95 90 88 89 93 99 109 121 135 150 165 180 194 207 218 227 233 237 238 238 235 230 224 218 213 209 206 203 200 197 192 188 184 181 180 179 178 177 177 179 181 184 187 189 189 186 183 178 174 171 170 168 167 163 156 146 134 123 113 104 98 93 89
116 105 94 83 72 62 55 52 52 53 55 58 62 67 73 80 89 98 108 117 126 135 142 147 150 148 143 134 122 110 100 91 87 86 88 93 100 111 124 139 154 170 184 199 212 223 231 236 239 239 237 233 228 221 214 208 203 199 195 191 187 183 178 173 170 168 167 166 165 166 167 170 173 175 177 176 173 170 167 164 163 163 163 163 160 154 145 135 124 114 107 101 96 91
120 109 98 85 74 65 57 53 51 51 52 55 58 64 70 77 85 95 105 115 125 134 142 147 149 147 140 131 119 107 97 89 85 85 88 94 102 114 127 143 159 174 189 203 216 226 233 238 239 239 236 231 225 218 211 204 199 193 189 184 179 174 168 163 159 157 155 154 153 154 156 158 161 162 163 161 159 156 154 153 153 154 156 157 156 151 144 135 126 117 110 105 100 94
122 111 100 87 75 66 58 54 51 50 50 53 57 63 70 77 85 94 105 115 125 134 142 147 149 146 140 130 118 106 96 88 85 85 89 96 105 117 131 147 164 180 194 208 219 228 234 238 239 239 236 230 223 216 208 201 195 190 184 179 173 166 159 153 149 146 144 142 142 143 144 147 148 149 148 146 144 142 140 141 143 146 149 151 150 147 141 134 126 119 113 108 104 98
121 111 99 87 75 66 59 54 51 50 50 52 57 64 72 80 88 97 107 117 127 135 143 148 149 147 140 130 118 106 96 89 85 86 90 97 107 120 135 151 167 184 199 211 222 229 235 238 239 238 235 230 222 214 207 200 194 187 182 176 169 161 153 146 141 138 135 133 132 132 133 135 135 135 133 132 130 129 129 131 134 139 142 145 145 142 138 132 126 120 115 111 106 101
118 108 96 84 73 65 58 53 50 49 49 52 59 67 76 86 94 103 112 121 130 138 145 149 150 147 140 129 117 106 96 89 85 86 91 98 108 121 136 152 170 187 201 213 223 231 236 239 239 238 235 229 222 214 206 200 193 186 180 175 168 160 151 143 137 132 129 125 123 122 123 124 123 122 120 119 118 118 120 123 128 133 137 139 139 137 133 128 123 118 115 111 107 103
112 101 90 79 69 61 55 51 49 49 51 56 63 72 82 92 101 110 119 127 135 142 147 150 149 146 139 128 116 104 95 88 85 86 91 98 108 120 135 152 170 187 202 214 224 231 236 239 239 238 235 229 222 214 207 201 194 187 181 176 170 161 152 143 136 130 124 119 115 114 114 114 113 111 110 108 108 110 113 118 124 130 133 135 134 132 127 123 118 115 111 109 106 102
105 93 82 72 63 56 51 48 49 51 54 59 67 76 87 98 108 117 125 133 140 146 149 151 149 144 136 125 112 101 92 86 84 86 90 98 107 119 134 151 169 186 201 214 224 231 236 238 239 238 235 230 223 215 208 201 195 189 183 179 172 163 154 144 136 128 120 114 109 106 105 105 104 103 101 101 102 105 110 117 123 128 131 132 131 127 122 117 113 110 107 105 103 100
97 85 73 64 56 51 48 49 50 52 56 63 71 81 93 104 115 124 132 138 144 149 152 152 148 141 131 119 107 96 88 84 83 85 90 97 107 118 132 149 167 184 199 212 223 230 235 238 238 237 234 229 223 216 209 203 197 192 186 180 172 164 154 145 136 126 117 109 104 100 99 98 97 96 96 97 100 104 110 117 124 128 131 131 128 124 118 113 108 105 102 99 98 96
89 76 65 57 51 48 49 49 51 54 60 67 76 86 98 110 120 130 137 144 149 152 153 151 146 137 125 113 101 91 84 81 81 84 90 97 107 118 131 147 164 181 196 210 220 228 233 236 237 236 234 230 225 218 211 205 199 193 187 179 171 163 153 143 133 123 113 105 99 96 94 93 92 92 93 95 99 105 112 119 126 131 133 131 128 122 115 109 105 100 97 94 92 90
83 69 58 51 47 48 48 50 53 57 63 71 81 91 102 113 124 134 142 149 153 154 153 149 142 131 119 106 95 86 81 78 79 83 89 97 107 118 131 146 162 178 193 206 217 225 231 234 236 236 234 231 226 220 212 205 198 192 185 177 169 160 150 139 128 118 109 102 96 92 91 90 89 90 92 95 100 107 115 122 129 134 135 133 128 121 114 108 102 97 93 89 87 84
