Sardinia/Input files/Chia/chia_elev5k.txt
ncols         409
nrows         321
xllcorner     4217684.204066
yllcorner     1754444.3732635
cellsize      25
NODATA_value  -9999
[rows 205 to 245 of 321, columns 94 to 187 of 409]
113 119 123 125 124 121 116 110 103 94 85 76 67 59 54 53 55 60 66 73 80 84 86 86 83 80 76 71 67 62 57 52 47 43 39 36 33 31 30 29 29 29 29 29 30 30 31 31 32 32 33 33 33 32 32 31 31 30 30 30 30 30 31 32 33 34 34 35 35 36 35 34 33 31 29 27 25 23 22 20 19 18 17 16 16 16 15 15 14 13 12 11 10 9
108 114 118 118 117 114 109 103 97 89 81 73 65 57 52 50 52 56 62 68 75 80 82 82 80 77 74 70 66 61 56 51 46 42 38 35 33 31 29 28 28 28 28 28 28 29 29 29 30 30 31 31 31 31 30 29 28 28 27 27 28 28 28 28 29 29 29 30 30 30 30 29 28 26 24 23 21 20 19 18 17 16 15 15 15 15 15 14 13 12 12 10 9 9
103 107 110 110 108 105 101 96 90 84 77 69 62 55 50 48 49 53 58 63 69 73 76 76 75 73 70 66 63 58 53 49 44 41 37 34 32 30 28 28 27 27 27 27 27 27 27 27 27 28 28 29 29 29 28 27 27 26 25 25 26 26 25 25 25 25 25 25 26 26 25 25 23 22 21 19 18 17 16 15 15 14 14 14 14 14 13 13 12 12 11 10 9 9
97 100 102 101 99 96 92 87 83 77 71 65 59 52 48 46 47 49 53 57 62 66 68 69 68 66 64 61 58 54 50 46 42 38 35 33 31 29 28 27 26 26 26 26 26 26 26 26 26 26 26 27 27 27 27 26 25 25 24 24 24 23 23 22 22 22 22 22 22 22 22 21 20 19 18 16 16 15 14 13 13 13 12 12 12 12 12 12 12 11 10 10 10 9
89 92 93 92 90 86 83 79 74 70 65 60 54 49 46 44 44 46 48 51 55 58 60 60 60 59 57 55 51 48 45 42 39 36 34 31 29 28 27 26 25 25 25 25 25 25 25 25 25 25 25 25 26 25 25 24 24 23 23 22 22 21 21 20 20 20 20 20 20 20 19 19 18 17 16 15 14 13 13 12 11 11 11 11 11 11 11 11 11 10 10 10 11 11
82 84 84 83 81 78 74 70 66 62 58 54 50 46 44 42 42 43 44 46 48 50 52 52 52 51 49 47 45 43 41 38 36 33 31 30 28 26 25 25 24 24 24 24 24 23 23 24 24 24 24 24 24 23 23 22 22 22 21 21 21 20 20 19 19 18 18 18 18 18 17 16 16 15 14 13 12 11 11 10 10 10 10 10 10 10 10 10 10 10 10 11 12 13
74 76 76 75 73 70 67 63 59 55 51 48 45 43 41 40 40 40 40 41 42 43 44 45 45 44 43 41 40 38 37 35 33 31 29 28 26 25 24 24 23 23 23 23 23 23 23 22 22 22 22 22 22 21 21 21 20 20 20 20 20 19 19 18 17 17 17 16 16 16 15 14 14 13 12 11 10 10 9 9 9 9 9 9 9 10 10 10 10 11 12 13 13 14
66 67 68 67 65 63 60 56 52 49 46 44 42 40 39 38 37 37 37 38 38 38 39 40 39 39 38 37 35 34 33 31 30 28 27 26 25 24 23 23 22 22 22 22 22 22 22 21 21 21 20 20 20 20 19 19 19 19 19 19 19 19 18 17 16 16 16 15 15 14 14 13 13 12 11 10 10 9 8 7 8 8 8 8 9 9 10 10 11 12 13 14 15 15
59 60 60 60 58 56 53 50 47 44 42 40 39 38 37 36 35 35 35 35 35 35 35 35 35 35 34 33 32 31 29 28 27 26 25 24 23 23 22 22 22 22 22 21 21 21 21 20 20 20 19 19 18 18 18 18 18 18 18 18 18 18 17 16 15 15 15 14 14 13 13 12 12 11 11 10 9 8 7 7 7 7 7 8 8 9 10 11 12 13 14 15 16 17
51 52 53 53 51 50 47 45 43 41 39 38 37 36 35 34 33 32 32 33 32 32 32 32 32 31 31 30 29 28 27 26 25 24 24 23 22 22 21 21 21 21 21 21 20 20 20 19 19 19 18 18 17 17 17 17 17 17 17 18 17 17 16 15 15 14 13 13 13 12 12 12 11 11 10 10 9 8 7 6 6 6 7 7 7 8 9 11 12 13 15 16 17 19
45 46 46 46 46 44 43 41 40 38 37 36 35 34 33 32 31 30 30 30 30 30 30 30 29 28 28 27 26 25 25 24 23 23 23 22 21 21 21 21 21 21 20 20 19 19 19 19 18 18 18 17 17 16 16 16 17 17 17 17 17 16 15 14 14 13 13 12 12 12 11 11 11 10 10 9 8 7 6 6 6 6 6 6 7 8 9 11 12 14 15 17 19 21
42 42 42 42 42 41 39 38 37 36 35 34 33 32 31 30 29 29 29 29 29 28 28 27 27 26 25 25 24 23 23 22 22 22 21 21 20 20 20 20 20 20 20 19 19 18 18 18 17 17 17 16 16 16 16 16 16 16 17 16 16 15 14 13 13 12 12 12 11 11 11 11 10 10 9 8 8 7 6 6 6 5 6 6 7 8 9 10 12 13 15 17 20 23
39 40 39 39 38 38 37 36 35 34 33 32 31 30 29 28 28 28 28 28 28 27 26 26 25 25 24 23 22 22 22 21 21 21 20 20 19 19 19 19 19 19 19 18 18 18 17 17 17 17 16 16 16 16 16 16 16 16 16 15 15 14 13 13 12 11 11 11 11 11 11 10 10 9 9 8 8 7 7 6 6 5 5 6 6 7 8 10 11 13 15 17 20 23
37 38 37 37 36 35 34 33 33 32 31 30 29 28 28 27 27 27 27 27 27 26 25 25 24 24 23 22 22 21 21 20 20 20 19 19 18 18 18 18 18 18 18 18 17 17 17 16 16 16 16 15 15 15 16 16 16 15 15 14 14 13 12 12 11 11 11 11 11 11 10 10 10 9 9 8 8 7 7 6 6 5 5 5 6 7 8 9 11 12 15 17 20 24
36 36 36 35 34 33 32 31 30 30 29 28 28 27 27 27 27 27 27 26 26 25 25 24 24 24 23 22 21 20 20 19 19 18 18 18 17 17 17 18 18 18 18 17 17 16 16 16 15 15 15 15 15 15 15 15 15 15 14 14 13 12 12 11 11 11 11 11 11 11 10 10 10 9 9 8 8 7 7 7 6 5 5 5 5 6 7 8 10 12 14 16 20 23
34 34 34 33 33 31 30 29 28 28 27 27 27 26 26 26 26 26 26 26 25 25 24 24 23 23 22 21 21 20 19 18 18 17 17 17 17 17 17 17 17 17 17 17 16 16 15 15 15 15 15 15 15 15 15 15 15 14 13 13 12 11 11 11 11 11 11 11 11 11 10 10 10 9 9 8 8 8 7 7 6 5 5 5 5 5 6 7 9 11 13 15 18 22
34 33 32 31 31 29 28 27 27 26 26 26 26 26 25 26 26 26 25 25 24 24 23 23 23 22 22 21 20 19 18 18 17 17 16 16 16 16 16 16 16 16 16 16 16 15 15 14 14 14 14 14 14 14 14 14 14 13 13 12 11 11 10 10 10 11 11 11 11 11 10 10 10 9 9 8 8 8 7 7 6 5 5 4 4 5 6 7 8 10 12 14 17 20
33 32 31 30 29 28 27 26 26 25 25 25 25 25 25 25 25 25 24 24 23 23 23 22 22 22 21 20 19 19 18 17 17 16 16 15 16 16 16 16 16 16 16 16 15 15 14 14 13 13 13 13 13 13 13 13 13 13 12 12 11 10 10 10 10 10 11 11 11 11 11 10 9 9 8 8 8 7 7 7 6 5 5 4 4 5 5 6 7 9 11 13 15 18
33 31 30 29 28 27 26 25 25 25 24 24 24 24 25 25 25 24 24 23 23 22 22 22 21 21 20 20 19 18 17 17 16 15 15 15 15 15 15 16 16 16 16 16 15 14 14 13 13 13 12 12 12 12 13 13 12 12 12 11 11 10 10 10 10 10 10 11 11 11 11 10 9 9 8 8 7 7 7 6 6 5 5 4 4 5 5 6 7 8 9 11 13 16
32 31 30 29 27 26 26 25 25 24 24 24 24 24 24 24 24 23 23 22 22 22 21 21 21 20 19 19 18 18 17 16 16 15 14 14 14 15 15 15 15 15 15 15 15 14 13 12 12 12 11 11 11 11 12 12 12 12 11 11 11 10 10 9 9 10 10 11 11 11 10 10 9 8 8 7 7 7 7 6 5 5 5 4 4 5 5 5 6 7 8 10 12 14
32 31 30 29 27 26 25 25 25 24 24 23 23 23 23 23 23 22 22 21 21 21 20 20 20 19 19 18 18 17 17 16 15 14 14 14 14 14 14 14 15 15 15 14 14 13 12 12 11 11 10 10 10 11 11 11 11 11 11 11 10 10 9 9 9 9 10 10 10 10 10 9 9 8 7 7 7 6 6 -9999 5 5 4 4 4 4 5 5 5 6 7 8 10 12
33 32 30 29 27 26 25 25 25 24 24 23 23 22 22 22 22 21 21 21 20 20 19 19 19 18 18 18 17 17 16 16 15 14 13 13 13 13 14 14 14 14 14 14 13 12 12 11 10 10 9 9 9 10 10 10 10 10 10 10 10 9 9 9 9 9 9 9 9 9 9 9 9 8 7 7 6 6 6 5 5 4 4 4 4 4 4 4 5 5 6 7 8 10
35 33 31 30 28 27 26 25 25 24 23 23 22 22 21 21 21 20 20 20 19 19 19 18 18 18 17 17 17 17 16 16 15 14 13 12 13 13 13 13 13 13 13 13 12 12 11 10 9 9 8 8 8 9 9 10 10 10 10 9 9 9 8 8 8 8 9 9 9 9 9 9 8 8 7 7 6 6 5 5 4 4 4 4 3 4 4 4 4 5 5 6 6 8
36 35 33 31 30 28 27 26 25 24 23 23 22 21 21 20 20 19 19 19 18 18 18 17 17 17 17 16 16 16 16 15 14 14 13 12 12 13 13 13 13 13 13 12 12 11 10 9 8 8 8 7 8 8 9 9 9 9 9 9 9 8 8 8 8 8 8 8 8 8 8 8 8 8 7 7 6 5 5 4 4 4 3 3 3 3 3 4 4 4 4 5 5 6
37 36 35 33 31 30 29 27 26 24 23 23 22 21 20 20 19 18 18 18 18 18 17 17 17 16 16 16 15 15 15 14 14 13 13 12 12 12 12 12 12 12 12 12 11 11 10 9 8 7 7 7 7 7 8 9 9 9 8 8 8 8 8 7 7 8 8 8 8 8 8 8 8 7 7 6 6 5 5 4 4 3 3 3 2 3 3 3 3 3 4 4 4 5
38 38 37 35 33 32 30 28 27 25 24 23 22 21 20 19 19 18 18 18 18 17 17 17 16 15 15 15 15 14 14 14 13 13 13 12 12 12 12 12 12 12 12 12 11 10 9 8 7 6 6 6 6 7 8 8 8 8 8 8 7 7 7 7 7 7 7 7 7 7 7 7 7 7 6 6 6 5 5 4 3 3 2 2 2 2 2 2 2 3 3 3 4 4
40 39 38 37 35 33 32 30 28 26 25 23 22 21 21 20 19 18 18 18 18 17 17 16 16 15 14 14 14 14 14 13 13 13 12 12 12 12 12 11 11 11 11 11 11 10 9 8 7 6 5 5 6 7 8 8 8 7 7 7 7 6 6 6 6 6 6 6 6 6 7 7 6 6 6 6 6 5 5 4 3 2 2 -9999 -9999 -9999 1 2 2 2 2 2 3 3
41 40 40 38 36 35 33 32 30 28 26 24 23 22 21 20 19 19 18 18 18 18 17 16 16 15 14 15 15 15 14 14 13 13 12 12 12 12 11 11 11 11 11 11 10 9 9 8 7 5 5 5 6 6 7 7 7 7 6 6 6 5 5 5 5 6 6 6 6 6 6 6 6 6 6 6 5 5 5 4 3 2 1 1 -9999 -9999 1 1 1 1 1 2 2 3
42 41 40 39 37 36 35 33 31 29 27 26 24 23 22 21 20 19 19 19 18 18 17 17 16 15 15 15 15 15 15 14 14 13 12 11 11 11 11 11 11 11 11 10 10 9 9 8 7 5 5 5 5 6 6 6 6 6 5 5 5 5 5 5 5 5 5 5 5 6 6 6 5 5 5 5 5 5 4 3 2 2 -9999 -9999 -9999 -9999 1 1 1 1 2 2 3 3
43 41 40 39 38 37 35 34 32 30 28 27 25 24 23 22 21 20 20 19 19 19 18 18 17 17 17 17 17 16 16 15 15 14 12 11 10 10 11 11 11 11 11 10 10 9 9 8 7 6 5 5 5 6 6 6 5 5 5 4 4 4 4 3 3 3 -9999 4 4 5 5 5 5 5 5 5 5 5 4 3 2 -9999 -9999 -9999 -9999 -9999 1 2 2 2 2 3 3 4
45 42 40 39 38 37 36 34 32 31 29 28 26 25 24 23 23 22 21 21 21 21 20 20 20 19 19 19 18 18 17 17 16 15 14 12 12 11 11 12 12 12 11 11 10 10 9 9 8 7 6 6 5 5 5 5 5 4 4 3 3 3 2 -9999 -9999 -9999 -9999 -9999 -9999 4 5 5 5 5 5 5 4 4 4 3 2 -9999 -9999 -9999 -9999 -9999 2 2 2 2 3 3 4 4
48 44 42 40 39 37 36 34 33 31 30 29 28 27 27 26 25 25 24 24 24 24 23 22 22 21 21 21 21 20 20 19 18 17 15 14 14 13 13 13 13 12 12 12 11 11 11 10 9 8 6 6 6 5 5 5 5 4 3 2 2 -9999 -9999 -9999 -9999 -9999 -9999 -9999 -9999 -9999 4 4 5 5 4 4 4 4 3 3 2 2 -9999 -9999 -9999 -9999 2 3 3 3 3 4 4 3
52 48 45 42 40 39 37 36 34 33 32 32 31 31 30 30 29 29 29 28 28 28 27 26 25 25 25 24 24 24 23 22 20 19 18 17 16 15 15 14 14 14 13 13 13 12 12 11 10 9 7 6 6 6 5 5 4 3 2 2 -9999 -9999 -9999 -9999 -9999 -9999 -9999 -9999 -9999 -9999 -9999 -9999 4 5 5 4 4 4 4 3 3 3 3 -9999 -9999 3 3 3 -9999 3 4 4 4 3
58 53 49 46 43 41 39 38 37 36 36 36 36 35 35 35 34 34 34 33 33 33 32 31 30 29 28 28 28 27 26 25 24 22 21 19 18 18 17 16 16 15 15 14 14 13 13 12 11 10 9 8 7 6 5 5 4 3 2 2 -9999 -9999 -9999 -9999 -9999 -9999 -9999 -9999 -9999 -9999 -9999 -9999 4 5 5 5 4 4 4 4 4 4 4 4 -9999 3 3 3 3 4 4 4 3 -9999
64 59 55 50 47 44 42 41 41 40 40 40 41 40 40 40 39 39 39 38 38 38 36 35 34 33 32 31 31 31 30 29 28 26 25 23 22 21 20 19 18 18 17 16 15 15 14 13 13 11 10 9 8 6 5 4 4 2 2 2 -9999 -9999 -9999 -9999 -9999 -9999 -9999 -9999 -9999 -9999 -9999 -9999 -9999 4 5 5 5 4 4 4 4 5 5 4 4 4 3 3 3 4 3 3 1 -9999
72 67 61 56 52 48 46 45 45 45 45 46 46 46 46 46 45 45 44 44 43 42 41 39 38 36 35 35 35 34 34 33 32 30 29 28 26 25 24 23 22 21 19 18 17 16 15 14 13 12 11 10 8 7 6 4 3 2 2 -9999 -9999 -9999 -9999 -9999 -9999 -9999 -9999 -9999 -9999 -9999 -9999 -9999 -9999 -9999 5 5 5 5 5 5 5 6 6 5 5 -9999 4 3 3 3 3 2 -9999 -9999
78 74 68 63 58 54 52 50 50 51 52 52 52 52 53 52 52 51 51 50 49 47 45 43 41 40 39 38 38 38 38 37 36 35 34 33 32 30 29 28 26 24 22 20 19 18 16 15 14 13 12 11 9 8 6 4 3 2 -9999 -9999 -9999 -9999 -9999 -9999 -9999 -9999 -9999 -9999 -9999 -9999 -9999 -9999 -9999 -9999 5 5 5 5 6 6 6 7 7 6 5 -9999 4 3 3 3 2 -9999 -9999 -9999
85 80 74 69 64 60 58 57 57 58 58 59 59 59 59 58 58 58 57 56 54 52 49 47 45 43 41 41 41 41 41 40 40 39 38 38 37 35 34 32 29 27 24 22 21 19 17 16 15 14 13 12 10 9 7 5 2 -9999 -9999 -9999 -9999 -9999 -9999 -9999 -9999 -9999 -9999 -9999 -9999 -9999 -9999 -9999 -9999 -9999 5 6 6 6 6 7 8 8 8 7 5 -9999 3 3 2 2 1 -9999 -9999 -9999
90 86 80 75 71 67 65 64 64 64 64 65 65 65 64 64 63 63 62 61 59 57 54 51 47 45 43 43 43 42 42 42 42 42 42 42 41 40 38 35 33 30 27 24 22 20 18 17 16 16 15 13 12 10 8 6 4 -9999 -9999 -9999 -9999 -9999 -9999 -9999 -9999 -9999 -9999 -9999 -9999 -9999 -9999 -9999 -9999 -9999 5 6 5 6 6 6 7 9 7 6 -9999 2 2 2 2 1 -9999 -9999 -9999 -9999
94 90 86 81 77 73 71 70 70 70 70 70 70 69 69 68 68 67 66 65 63 61 57 54 49 46 44 43 42 42 42 42 43 43 44 44 44 43 41 38 35 32 29 26 24 22 20 19 18 17 16 15 14 12 10 8 5 -9999 -9999 -9999 -9999 -9999 -9999 -9999 -9999 -9999 -9999 -9999 -9999 -9999 -9999 -9999 -9999 -9999 4 5 5 5 5 5 5 5 4 -9999 -9999 -9999 -9999 -9999 -9999 -9999 -9999 -9999 -9999 -9999
98 94 90 86 82 78 76 75 75 75 75 74 74 73 72 71 70 69 68 67 65 63 59 55 50 47 44 43 41 41 41 42 42 44 45 46 46 45 43 41 38 34 31 28 26 24 22 21 20 19 18 17 16 14 12 10 8 4 -9999 -9999 -9999 -9999 -9999 -9999 -9999 -9999 -9999 -9999 -9999 -9999 -9999 -9999 -9999 2 3 4 4 4 4 4 3 2 -9999 -9999 -9999 -9999 -9999 -9999 -9999 -9999 -9999 -9999 -9999 -9999
