Sardinia/Input files/Chia/chia_elev5k.txt
ncols         409
nrows         321
xllcorner     4217684.204066
yllcorner     1754444.3732635
cellsize      25
NODATA_value  -9999
[rows 41 to 81 of 321, columns 94 to 187 of 409]
143 145 149 153 157 162 166 169 173 175 177 177 177 176 174 171 168 166 164 163 163 163 162 159 156 151 146 140 136 132 130 130 132 135 138 144 150 156 161 167 171 175 177 179 180 180 179 178 177 176 175 175 174 174 174 175 177 178 181 184 187 190 192 194 194 194 193 190 186 181 176 170 166 164 162 163 164 167 170 172 173 174 172 169 165 160 154 148 143 137 130 120 107 93
147 149 153 158 163 168 173 178 182 185 186 186 186 184 181 178 174 172 170 169 168 168 167 164 160 155 149 144 139 135 133 132 133 135 138 143 149 155 161 167 172 176 179 182 184 184 183 183 182 182 182 182 181 181 181 182 182 184 186 188 190 192 194 194 194 193 191 188 183 178 173 168 164 162 160 159 161 163 165 167 167 166 163 160 155 150 145 140 135 131 125 115 103 89
151 153 157 163 169 175 181 187 192 195 196 196 195 192 188 184 181 178 176 175 175 174 172 169 165 159 153 147 141 137 134 134 134 135 138 142 148 154 160 167 172 177 181 185 187 187 187 187 187 187 188 188 187 187 187 187 187 188 190 192 193 194 194 193 191 189 185 181 177 172 166 161 158 155 153 153 153 155 156 158 158 156 153 149 144 139 135 131 127 124 119 111 100 87
154 157 161 167 174 181 188 195 201 204 206 206 204 201 196 192 188 185 183 182 181 180 178 175 169 163 156 149 143 138 135 134 135 135 137 141 147 153 159 166 172 177 182 185 188 189 189 189 190 191 191 191 191 191 191 191 191 191 192 193 194 193 192 189 186 182 178 173 168 162 156 151 148 145 143 142 142 144 145 146 146 145 141 137 132 127 123 121 119 117 113 106 97 86
158 160 165 171 179 187 195 203 209 214 216 215 213 210 205 200 196 192 190 189 188 187 184 180 174 166 159 151 145 140 136 134 134 134 135 139 145 151 157 164 170 175 180 184 186 188 189 190 192 193 193 193 193 193 193 193 193 192 192 192 192 191 188 184 179 175 169 163 157 151 145 140 137 134 132 130 130 131 132 133 133 132 129 124 120 115 112 110 110 109 107 103 95 85
161 164 169 176 184 193 202 210 216 222 224 224 222 218 214 208 204 200 198 197 195 194 190 185 178 170 161 153 146 140 136 134 132 131 133 137 142 147 154 160 166 171 176 179 182 184 186 188 190 191 192 193 193 192 192 191 191 190 190 190 189 187 183 178 173 167 160 153 146 140 135 130 126 123 121 119 118 119 120 121 120 119 116 112 108 104 101 101 101 102 102 99 93 85
165 168 174 181 190 199 208 216 222 227 230 231 229 226 222 217 212 209 207 205 203 201 196 190 182 173 164 155 148 141 136 133 130 129 130 133 137 143 149 155 161 166 170 173 176 179 181 183 186 187 189 190 190 189 188 187 187 187 186 186 185 182 178 173 167 160 152 145 138 132 127 123 119 115 112 110 108 108 108 109 108 107 104 101 97 94 92 92 94 96 97 95 91 84
169 173 179 187 195 204 213 221 227 231 234 235 234 232 229 225 221 218 216 214 212 208 202 194 185 175 166 156 148 142 136 132 129 127 127 129 133 137 143 149 154 159 163 166 169 172 174 177 180 182 183 184 184 183 182 182 181 181 181 181 180 178 174 168 161 154 147 139 132 127 122 118 114 110 107 104 101 99 98 98 97 96 94 92 89 87 86 86 89 91 93 92 89 83
173 177 184 192 201 209 217 224 229 233 235 236 236 235 233 231 229 227 225 223 220 215 207 198 188 177 167 158 149 143 137 132 128 125 125 126 128 132 137 142 147 151 155 158 161 164 167 169 172 174 175 176 176 176 175 175 175 175 175 176 175 173 169 163 157 150 143 136 129 124 120 116 112 108 104 100 96 93 91 89 88 87 86 85 83 82 81 83 85 88 89 89 87 83
178 182 189 197 205 213 219 225 228 231 233 234 235 235 235 235 235 235 234 232 227 221 212 202 191 179 168 159 151 144 137 132 128 125 124 124 125 127 131 135 139 142 146 149 152 155 158 161 164 167 168 169 169 169 169 168 168 169 169 169 169 167 163 158 152 146 140 134 128 123 119 115 111 107 102 97 92 89 86 84 83 82 81 80 79 79 79 80 83 85 86 87 85 81
183 188 194 201 208 214 219 223 225 226 227 229 231 234 236 238 240 241 240 238 233 226 216 205 193 180 169 159 151 144 138 132 128 125 123 122 122 123 125 128 131 134 137 140 143 146 149 153 156 159 161 162 163 163 163 163 163 163 163 163 162 161 157 153 147 142 137 131 126 122 118 115 111 106 101 96 91 87 84 82 80 79 78 77 77 77 78 79 81 82 84 84 83 79
189 193 198 204 210 215 217 218 219 219 220 222 226 230 234 239 242 245 245 243 237 229 218 206 193 181 169 159 151 144 138 133 129 126 123 121 119 119 120 122 124 126 128 131 134 137 140 144 148 152 155 157 157 158 158 158 158 158 157 156 155 153 150 146 142 137 133 128 124 121 117 114 110 106 101 96 91 87 84 82 80 79 78 77 76 76 77 78 79 80 80 81 80 76
194 198 202 207 210 213 213 213 212 211 212 215 220 225 232 237 242 245 246 244 238 229 218 205 192 179 168 159 151 144 139 134 130 126 123 120 118 116 116 116 117 118 120 122 125 128 132 136 141 145 148 151 152 152 152 152 152 152 150 149 147 145 143 139 136 132 129 126 122 119 115 112 109 105 101 96 92 89 86 84 82 81 79 78 76 76 76 76 76 76 77 77 75 72
197 201 205 207 209 209 207 205 203 203 204 208 213 220 227 234 240 243 244 242 237 227 216 203 189 177 166 157 150 144 139 134 131 127 124 120 117 114 112 111 111 111 113 114 117 120 124 128 133 137 141 144 145 146 146 146 145 144 143 141 139 137 135 133 131 128 125 123 121 117 114 111 108 105 101 98 96 93 91 89 88 85 83 80 77 76 75 74 73 72 72 72 71 69
197 201 203 205 205 203 200 198 195 195 197 201 207 214 222 228 234 238 239 237 231 222 211 198 186 174 164 156 149 143 138 134 131 127 124 120 116 112 109 107 106 105 106 107 110 113 116 120 125 129 133 136 138 139 139 138 137 135 133 132 130 128 127 126 126 125 124 122 120 118 115 111 108 106 103 101 100 99 98 97 95 91 88 84 79 75 73 71 69 68 68 68 67 65
193 196 199 200 199 196 193 190 188 188 191 195 201 208 215 220 225 229 230 228 223 214 204 193 181 171 162 154 147 141 137 133 130 127 123 119 114 110 106 103 101 100 100 101 103 106 109 112 116 120 124 127 129 130 130 128 126 125 123 122 121 120 120 121 122 123 123 123 121 119 117 114 110 108 107 106 105 106 106 105 103 99 94 88 81 75 71 68 66 64 63 63 63 62
187 189 191 191 190 187 185 182 181 182 185 190 195 201 206 211 215 218 218 217 212 205 197 187 177 167 159 151 145 139 135 131 128 125 121 117 113 108 104 100 98 96 95 96 97 99 101 104 107 111 114 117 119 119 119 117 115 114 113 111 111 111 113 115 118 121 123 123 122 121 120 117 115 113 111 111 111 112 113 112 110 106 100 92 84 76 70 66 63 61 60 59 59 58
178 179 180 181 180 178 176 175 175 177 180 184 189 193 197 200 203 205 206 205 201 196 189 181 172 164 156 149 142 137 132 128 125 122 119 115 110 106 101 98 95 93 92 91 92 93 94 96 99 102 104 106 108 107 107 106 104 102 102 101 102 103 106 109 113 118 121 123 123 123 122 121 119 117 116 115 116 117 118 117 115 111 104 96 87 79 71 66 62 59 58 57 56 55
169 169 170 170 170 170 169 168 169 171 174 178 181 184 187 189 191 193 194 193 191 187 181 175 168 161 153 146 139 134 129 125 121 118 115 111 107 103 99 95 92 90 89 88 88 88 89 90 91 93 94 96 96 96 95 94 92 91 92 92 93 95 98 103 108 113 117 121 123 123 122 121 119 118 117 116 117 119 120 119 117 114 108 99 90 82 74 68 62 58 56 55 54 52
160 160 161 161 161 161 162 162 163 166 169 171 174 176 177 178 179 180 181 181 180 177 173 168 163 156 149 142 136 130 125 120 117 114 111 107 104 100 97 93 90 88 86 85 84 84 84 84 84 85 86 86 87 86 85 83 82 82 82 83 84 86 90 95 101 106 112 116 118 119 118 117 117 116 116 116 117 118 120 120 118 115 110 102 94 85 77 69 63 58 56 54 52 51
154 154 154 154 154 154 155 157 159 162 164 166 167 167 168 168 169 169 169 170 169 168 165 161 156 151 144 138 131 125 120 116 112 109 106 103 100 97 94 91 88 86 84 82 81 80 79 79 78 78 78 78 78 77 76 75 74 74 74 76 77 78 82 86 92 98 104 108 111 111 111 111 111 111 111 112 113 115 116 117 117 115 111 105 97 88 79 71 64 59 56 54 52 50
150 150 149 149 149 149 151 153 155 158 160 161 161 161 160 160 160 159 159 159 159 158 156 153 149 144 139 133 127 121 116 111 107 104 101 99 96 94 91 89 86 84 82 80 78 77 75 75 74 73 73 72 72 71 70 69 68 68 69 69 71 72 74 79 84 90 95 99 101 102 101 101 102 102 103 104 106 108 110 112 114 113 111 106 100 91 81 72 65 60 57 54 52 50
147 147 146 145 145 145 146 148 151 153 155 156 156 154 153 152 152 151 150 150 149 148 147 144 141 137 133 128 122 117 112 107 104 100 98 96 94 91 89 87 85 82 80 78 77 75 73 72 71 71 71 71 70 69 68 67 67 66 66 66 67 67 69 72 76 81 86 90 92 92 91 91 91 92 94 96 98 100 103 106 109 110 110 107 101 93 83 74 66 61 58 55 53 51
145 144 143 142 142 142 143 144 146 148 149 150 150 149 147 146 145 143 142 141 141 140 138 137 134 131 127 123 118 113 109 105 101 98 95 93 91 89 87 85 83 81 79 77 75 73 72 71 71 70 71 71 70 69 69 68 67 66 65 66 66 65 65 67 70 75 79 82 83 83 82 82 82 83 85 87 89 91 95 99 103 106 108 108 103 96 87 78 70 63 59 57 55 52
144 144 142 141 140 139 140 140 141 142 143 144 144 144 143 141 139 137 136 134 133 132 131 130 128 126 123 119 115 111 106 102 99 95 93 91 89 87 85 83 81 79 77 75 74 72 71 71 71 71 71 71 70 68 68 68 68 68 67 66 66 65 65 65 67 70 73 76 78 77 76 75 75 76 78 79 81 84 87 91 96 101 105 108 106 100 92 83 75 67 62 59 57 54
144 143 142 140 138 137 136 136 136 136 137 138 139 139 139 137 134 132 130 129 127 126 125 125 123 121 119 116 112 109 105 101 97 94 91 89 87 84 83 81 79 78 76 74 73 71 71 71 72 73 74 74 74 74 75 75 74 74 73 71 69 68 66 65 65 68 70 72 74 73 72 71 70 70 71 72 74 77 81 85 90 96 103 107 107 104 97 90 81 73 66 62 60 57
142 142 141 139 137 134 132 131 131 131 131 132 134 135 135 133 130 128 125 124 122 121 120 120 119 117 115 113 110 107 104 100 96 93 90 87 85 83 81 79 78 77 76 74 73 73 74 75 76 78 79 80 81 82 83 83 83 83 81 78 75 72 69 66 65 66 68 69 70 70 69 68 67 66 66 67 69 72 75 79 85 92 99 105 107 106 102 95 87 79 72 67 64 61
141 141 140 138 135 131 129 127 126 126 126 127 129 130 131 129 127 124 121 119 118 117 116 115 115 114 112 111 108 106 103 99 95 91 88 85 83 81 79 78 77 76 76 75 75 76 78 80 82 84 86 88 89 91 92 93 93 92 89 86 82 78 73 69 66 65 66 66 67 66 66 64 63 62 62 63 64 67 70 74 80 87 95 103 107 107 105 100 93 85 79 73 69 66
138 138 138 136 133 129 126 124 122 122 122 122 124 125 125 124 122 119 117 115 114 113 112 111 111 111 110 108 106 104 101 97 93 89 86 83 81 79 78 77 76 76 76 77 78 80 83 85 88 91 93 96 98 100 102 103 103 101 98 94 89 83 77 71 66 64 63 63 63 62 61 60 59 58 58 58 60 62 66 70 75 83 91 99 105 108 107 104 98 92 85 80 76 73
135 135 134 133 130 127 124 121 119 118 117 118 119 119 119 118 116 114 112 111 109 109 108 108 108 108 107 105 104 102 98 95 91 87 84 82 80 79 77 77 76 77 78 80 83 85 88 92 95 98 101 105 107 109 111 111 111 108 105 99 93 86 79 72 66 62 60 59 59 58 56 55 54 53 53 54 56 58 62 66 71 79 87 95 102 107 107 105 102 97 92 87 84 81
131 131 130 129 127 124 122 119 116 114 113 113 114 113 113 112 110 108 107 106 105 105 104 104 104 104 104 102 101 99 96 93 89 86 83 81 80 79 78 78 78 80 82 85 88 91 95 99 102 106 110 113 116 118 119 118 116 113 109 102 95 87 78 70 64 59 57 56 54 53 52 51 50 50 50 51 53 55 58 63 68 75 83 91 98 103 106 106 104 102 99 95 92 89
128 128 127 126 124 122 119 116 113 111 110 110 109 108 107 106 104 103 102 101 101 101 101 101 101 101 100 99 98 96 94 91 87 84 82 81 81 80 80 80 81 84 87 90 94 98 102 107 111 115 119 122 125 126 125 123 120 116 110 103 94 85 77 68 61 56 53 52 51 50 49 48 48 47 47 48 50 52 56 60 65 71 79 86 92 98 102 104 105 104 103 102 99 96
125 124 123 123 121 119 117 114 111 109 108 107 106 104 103 101 100 99 98 97 97 97 98 98 98 98 98 97 95 93 91 89 86 84 82 81 81 81 82 84 86 89 93 97 101 106 110 115 120 124 128 131 133 133 131 128 123 117 110 102 93 83 74 66 59 53 51 50 49 48 47 46 46 45 45 46 48 50 53 57 62 68 74 81 87 92 96 100 103 104 104 105 105 103
122 121 120 120 119 118 116 112 109 107 106 106 104 102 101 100 99 97 97 96 96 95 95 95 95 95 94 94 92 90 88 87 86 84 84 83 84 84 86 88 91 95 99 104 109 114 119 124 129 133 137 140 141 140 137 132 125 118 110 101 91 81 71 64 57 52 50 49 49 48 47 46 45 45 44 45 46 48 51 55 59 65 71 76 81 85 89 93 97 101 103 105 107 108
120 119 118 117 117 117 115 112 110 108 107 106 104 103 102 102 101 98 97 96 95 94 94 93 93 92 92 91 90 89 88 88 87 87 87 87 88 89 91 94 97 101 106 111 116 121 127 132 137 142 146 149 150 148 144 137 130 121 111 101 91 80 70 63 57 53 51 50 49 49 48 48 47 46 45 45 46 48 50 53 58 62 67 72 75 79 82 85 90 94 99 103 107 110
119 118 117 117 117 117 116 114 111 109 107 106 105 103 103 103 101 99 98 97 95 94 93 93 92 92 92 92 91 91 91 90 90 90 90 90 91 93 96 100 104 108 113 118 123 129 134 140 146 151 156 159 159 157 152 144 135 125 114 104 93 82 72 65 59 55 53 52 52 51 51 50 49 47 46 45 45 47 49 52 56 60 64 67 70 73 75 78 82 87 93 99 104 108
120 119 118 118 118 118 118 116 114 112 110 107 105 104 103 103 102 100 99 98 96 94 93 93 93 94 94 94 95 95 95 94 93 93 93 94 95 98 101 105 110 115 120 125 131 136 142 148 155 160 165 168 169 166 161 153 143 132 121 109 98 87 78 70 64 60 57 57 56 55 54 53 51 49 47 46 45 46 49 52 55 58 61 63 65 67 69 71 75 80 86 93 99 104
123 122 121 121 121 121 121 120 118 116 114 111 108 106 105 104 103 102 102 101 98 96 96 96 96 97 97 98 98 99 98 97 97 97 97 97 99 102 106 111 116 121 127 133 138 144 150 157 163 169 174 178 179 176 171 162 152 141 129 117 106 95 86 77 71 66 64 63 61 59 58 56 54 51 48 46 45 45 48 52 55 57 59 60 61 62 63 65 69 74 80 87 93 98
128 127 127 126 126 126 125 124 122 120 117 114 112 109 108 106 106 106 106 104 102 101 101 101 102 102 103 104 104 104 103 102 101 100 100 101 103 106 110 115 121 127 133 139 146 152 158 165 172 178 183 187 188 186 180 172 162 151 139 127 115 104 95 87 79 74 71 69 67 65 62 59 56 53 49 46 45 45 48 51 54 56 57 58 58 58 58 60 64 70 75 81 87 92
136 134 133 132 131 130 130 129 126 123 120 117 115 113 112 111 110 110 109 108 107 107 108 109 110 111 111 111 111 109 108 106 104 103 103 104 106 109 114 119 126 132 139 145 152 159 166 173 180 187 192 195 197 195 190 182 172 161 149 137 125 115 105 97 89 84 80 76 73 70 66 62 58 54 51 47 45 44 48 51 53 55 56 56 55 55 55 57 61 65 71 77 82 86
144 143 141 139 136 134 133 131 128 124 121 119 117 116 115 115 114 114 113 112 113 114 116 118 120 121 121 120 118 116 113 110 108 106 106 107 109 112 117 123 130 137 144 151 158 166 173 181 188 195 200 203 205 203 199 191 182 170 159 147 137 127 117 108 100 94 88 84 79 75 70 65 60 56 52 48 45 44 46 50 52 54 55 54 54 53 54 55 58 62 67 72 77 81
