Sardinia/Input files/SaCurcurica/sacu_asp_5k.txt
ncols         404
nrows         401
xllcorner     4297873.4253069
yllcorner     1923781.1087337
cellsize      25
NODATA_value  -9999
[rows 114 to 151 of 401, columns 0 to 86 of 404]
-9999 -9999 -9999 -9999 -9999 -9999 -9999 -9999 -9999 -9999 -9999 -9999 -9999 -9999 -9999 -9999 -9999 -9999 -9999 -9999 -9999 81 90 92 93 97 100 106 117 137 157 165 165 164 166 169 167 160 152 150 156 167 177 187 194 197 195 188 183 178 170 163 159 156 153 151 151 150 142 130 116 102 90 82 77 72 69 68 69 188 251 257 259 253 239 221 216 218 218 217 214 211 209 210 212 215 219
-9999 -9999 -9999 -9999 -9999 -9999 -9999 -9999 -9999 -9999 -9999 -9999 -9999 -9999 -9999 -9999 -9999 -9999 -9999 -9999 -9999 81 90 92 95 96 97 99 105 119 141 156 164 169 173 177 173 161 149 142 144 154 169 183 192 195 193 187 183 178 171 164 160 159 158 158 160 161 156 145 129 109 92 80 74 69 68 68 70 79 254 256 254 248 231 212 211 216 218 218 215 212 213 215 219 224 231
-9999 -9999 -9999 -9999 -9999 -9999 -9999 -9999 -9999 -9999 -9999 -9999 -9999 -9999 -9999 -9999 -9999 -9999 -9999 -9999 348 73 86 90 94 95 94 93 95 104 121 140 156 166 174 179 177 166 152 141 137 144 160 176 187 191 191 186 181 176 169 163 160 160 161 163 166 168 168 160 145 123 99 82 74 70 70 73 77 86 249 253 248 239 219 200 203 212 216 217 216 216 218 222 226 232 240
-9999 -9999 -9999 -9999 -9999 -9999 -9999 -9999 -9999 -9999 -9999 -9999 -9999 -9999 -9999 -9999 -9999 -9999 -9999 -9999 4 64 80 87 91 92 90 89 89 96 109 127 145 159 170 178 179 171 156 141 134 137 150 167 180 187 188 184 178 171 165 161 159 159 163 167 170 175 178 175 163 142 113 90 78 74 74 78 83 91 227 246 239 228 208 191 196 208 215 219 221 222 225 229 232 238 245
-9999 -9999 -9999 -9999 -9999 -9999 -9999 -9999 -9999 -9999 -9999 -9999 -9999 -9999 -9999 -9999 -9999 -9999 -9999 333 15 61 78 85 88 89 88 87 88 93 102 116 133 150 163 175 181 176 159 141 130 130 140 157 173 183 185 180 171 163 160 159 158 159 163 168 173 180 187 189 182 165 132 100 86 81 81 83 87 94 179 238 233 222 204 188 193 208 217 223 226 228 231 234 237 242 247
-9999 -9999 -9999 -9999 -9999 -9999 -9999 -9999 -9999 -9999 -9999 -9999 -9999 -9999 -9999 -9999 -9999 -9999 -9999 344 25 62 79 85 87 88 87 86 86 89 94 104 119 137 155 173 184 181 163 140 126 123 128 144 165 178 179 172 162 155 153 154 156 159 163 168 176 186 195 199 198 189 157 112 95 91 90 90 90 93 130 234 234 223 206 192 197 213 222 225 228 231 235 239 243 247 249
-9999 -9999 -9999 -9999 -9999 -9999 -9999 -9999 -9999 -9999 -9999 -9999 -9999 -9999 -9999 -9999 -9999 -9999 332 355 34 65 79 86 87 86 86 85 84 84 87 94 105 121 143 170 186 185 171 147 130 122 121 131 153 170 168 160 152 147 145 147 152 158 162 169 180 192 201 208 211 208 184 129 103 97 96 93 89 85 87 234 234 224 212 203 207 218 221 223 228 234 240 246 249 250 250
-9999 -9999 -9999 -9999 -9999 -9999 -9999 -9999 -9999 -9999 -9999 -9999 -9999 -9999 -9999 -9999 -9999 -9999 342 5 42 66 78 83 85 86 86 84 82 82 83 86 93 104 125 159 180 183 177 160 144 135 128 129 142 155 155 150 143 138 138 141 147 153 160 170 184 197 208 218 223 220 200 149 106 95 94 92 86 79 71 152 225 223 223 217 213 213 211 216 227 236 243 248 249 249 249
-9999 -9999 -9999 -9999 -9999 -9999 -9999 -9999 -9999 -9999 -9999 -9999 -9999 -9999 -9999 -9999 -9999 -9999 350 15 46 66 75 79 82 84 85 83 81 80 81 82 86 95 111 142 168 178 180 170 159 152 147 145 147 148 147 141 134 130 132 136 142 147 155 169 186 202 218 231 237 232 208 166 108 89 88 90 88 82 72 65 168 224 234 222 203 196 195 208 224 236 242 244 245 245 246
-9999 -9999 -9999 -9999 -9999 -9999 -9999 -9999 -9999 -9999 -9999 -9999 -9999 -9999 -9999 -9999 -9999 341 358 25 51 67 74 78 80 83 84 83 81 81 81 82 85 91 104 126 153 171 178 175 169 166 165 163 158 152 146 136 126 123 124 128 136 141 148 161 183 206 226 241 248 244 214 178 124 88 86 89 93 91 81 73 100 213 234 213 187 180 183 198 219 231 237 239 240 241 244
-9999 -9999 -9999 -9999 -9999 -9999 -9999 -9999 -9999 -9999 -9999 -9999 -9999 -9999 -9999 -9999 -9999 346 6 35 59 72 78 81 84 86 85 81 80 81 81 82 84 90 99 114 136 159 172 176 176 177 177 176 170 162 152 136 123 118 118 122 130 139 145 151 173 206 233 250 257 252 210 178 152 103 94 95 99 99 92 91 101 171 222 199 177 172 177 190 209 222 229 232 234 236 239
-9999 -9999 -9999 -9999 -9999 -9999 -9999 -9999 -9999 -9999 -9999 -9999 -9999 -9999 -9999 -9999 338 353 19 52 70 80 84 86 88 88 84 79 77 79 80 81 84 88 94 103 118 142 162 173 179 184 186 185 181 174 161 142 126 119 118 123 134 147 150 153 171 213 248 262 265 254 193 170 153 122 109 105 103 104 106 110 110 144 200 188 172 168 173 184 200 214 221 226 228 230 234
-9999 -9999 -9999 -9999 -9999 -9999 -9999 -9999 -9999 -9999 -9999 -9999 -9999 -9999 -9999 -9999 337 7 47 73 84 89 91 91 89 87 83 80 80 81 82 83 84 86 87 92 100 115 139 162 180 189 191 191 188 183 170 149 133 126 124 129 143 155 157 161 183 231 260 267 264 241 176 161 141 124 115 109 104 108 119 118 117 135 176 178 169 166 171 180 195 208 218 223 225 227 230
-9999 -9999 -9999 -9999 -9999 -9999 -9999 -9999 -9999 -9999 -9999 -9999 -9999 -9999 -9999 302 331 60 87 93 95 95 95 93 91 89 87 87 87 87 86 85 85 83 82 83 86 91 102 128 170 188 192 194 192 186 174 155 141 135 134 138 150 160 164 173 205 244 260 261 251 215 173 155 131 119 114 109 106 113 123 119 117 130 157 167 165 165 169 179 194 208 217 223 225 226 229
-9999 -9999 -9999 -9999 -9999 -9999 -9999 -9999 -9999 -9999 -9999 -9999 -9999 -9999 -9999 268 188 123 116 108 103 101 98 96 94 94 96 98 97 96 93 89 86 82 80 79 78 77 78 84 116 164 180 189 191 185 173 159 146 141 141 145 155 165 174 191 223 248 257 253 239 207 177 150 127 118 116 116 118 123 125 120 117 125 144 157 162 164 169 180 198 214 222 226 228 229 231
-9999 -9999 -9999 -9999 -9999 -9999 -9999 -9999 -9999 -9999 -9999 -9999 -9999 -9999 -9999 230 169 140 130 119 110 105 102 99 98 99 104 108 108 106 101 95 89 85 81 78 74 72 71 74 94 132 160 178 185 181 170 158 148 143 144 150 161 174 186 207 230 246 251 247 235 209 177 145 125 119 122 128 136 140 137 127 120 122 134 149 160 168 174 191 216 233 236 235 234 236 237
-9999 -9999 -9999 -9999 -9999 -9999 -9999 -9999 -9999 -9999 -9999 -9999 -9999 -9999 236 207 167 147 136 124 113 107 104 100 99 100 106 113 115 114 111 105 98 92 86 80 75 72 71 76 92 118 145 168 179 177 166 155 147 142 143 153 170 184 195 211 226 239 245 244 235 212 172 142 126 122 126 135 147 154 151 138 126 121 126 140 162 181 196 227 255 264 260 252 249 250 250
-9999 -9999 -9999 -9999 -9999 -9999 -9999 -9999 -9999 -9999 -9999 -9999 -9999 -9999 225 198 167 150 138 124 113 106 102 98 96 96 101 109 115 118 120 117 111 105 97 89 82 77 77 81 91 107 130 158 173 172 161 150 144 140 140 152 177 190 197 210 223 236 244 245 236 209 165 140 130 127 129 138 150 160 159 149 136 126 122 129 164 215 245 268 277 278 276 273 270 269 267
-9999 -9999 -9999 -9999 -9999 -9999 -9999 -9999 -9999 -9999 -9999 -9999 -9999 -9999 221 196 170 154 141 124 111 103 98 94 90 88 91 99 108 116 122 125 123 119 113 104 93 87 84 85 90 98 113 141 162 164 156 146 141 138 138 151 179 191 200 214 227 238 245 244 230 198 159 140 132 130 133 140 150 160 163 158 148 136 124 113 329 290 293 296 294 289 288 291 289 286 284
-9999 -9999 -9999 -9999 -9999 -9999 -9999 -9999 -9999 -9999 -9999 -9999 -9999 232 220 198 174 158 144 126 111 102 94 87 82 80 82 90 100 109 118 125 126 126 126 118 105 95 90 87 86 88 95 114 139 149 148 141 136 135 137 152 176 192 210 226 236 242 244 239 220 186 154 139 132 130 133 140 150 159 164 163 157 149 139 92 329 310 306 306 306 304 304 305 303 299 297
-9999 -9999 -9999 -9999 -9999 -9999 -9999 -9999 -9999 -9999 -9999 -9999 -9999 234 223 202 178 161 147 131 115 102 92 82 76 76 80 87 94 103 112 120 124 125 129 126 113 101 94 87 82 80 80 85 102 120 131 131 127 127 134 151 173 199 229 245 246 243 241 235 215 178 148 135 130 128 131 138 149 158 164 167 167 169 193 291 314 309 305 308 313 316 315 312 310 307 305
-9999 -9999 -9999 -9999 -9999 -9999 -9999 -9999 -9999 -9999 -9999 -9999 -9999 243 231 207 178 161 150 137 123 108 94 83 80 81 85 90 94 99 106 115 119 120 124 126 115 103 94 87 80 76 73 70 75 86 98 107 110 114 124 145 171 212 246 257 253 245 242 234 212 172 142 128 124 123 126 134 145 157 166 174 184 210 254 287 311 317 313 314 317 320 319 315 310 308 307
-9999 -9999 -9999 -9999 -9999 -9999 -9999 -9999 -9999 -9999 -9999 -9999 264 259 247 214 167 153 147 139 130 117 102 93 92 94 95 96 97 99 103 109 114 115 118 121 115 102 92 83 77 74 70 64 62 66 71 81 91 100 113 135 166 223 253 261 258 248 245 235 209 168 139 124 118 118 121 129 142 157 172 188 213 241 266 288 310 323 323 318 317 319 320 316 309 306 306
-9999 -9999 -9999 -9999 -9999 -9999 -9999 -9999 -9999 -9999 -9999 -9999 281 277 268 224 138 135 137 133 129 122 111 105 104 104 104 103 102 101 102 105 110 113 115 118 117 105 89 78 73 72 67 59 54 55 61 70 82 93 106 127 160 226 251 257 253 246 243 229 200 165 139 124 117 115 116 123 138 160 186 210 232 254 273 288 304 320 324 318 315 317 320 317 309 304 304
-9999 -9999 -9999 -9999 -9999 -9999 -9999 -9999 -9999 -9999 -9999 -9999 296 295 290 197 112 118 125 123 121 121 116 112 110 110 110 109 107 105 104 106 111 117 121 123 125 117 95 78 72 70 64 55 51 53 60 68 77 87 101 124 156 221 244 245 236 227 226 213 188 161 140 126 118 114 114 118 133 165 202 224 245 266 280 288 298 311 319 316 312 314 318 317 311 305 304
-9999 -9999 -9999 -9999 -9999 -9999 -9999 -9999 -9999 -9999 -9999 305 309 314 324 69 100 108 115 113 110 114 116 114 113 112 112 112 112 110 110 112 117 125 131 133 135 136 116 90 79 72 65 59 57 60 64 68 74 82 94 116 152 210 235 235 224 210 204 196 180 158 139 128 120 115 113 116 131 172 212 236 260 276 283 288 292 301 311 312 310 310 313 314 310 306 303
-9999 -9999 -9999 -9999 -9999 -9999 -9999 -9999 -9999 -9999 -9999 311 319 334 3 64 89 95 100 103 105 111 114 114 113 112 111 112 113 113 114 117 123 130 139 144 148 157 149 116 95 82 75 73 75 75 72 72 76 82 90 107 144 195 224 227 218 203 191 185 176 158 138 128 121 116 112 116 137 185 221 250 270 279 284 288 291 296 302 305 305 305 307 308 307 303 300
-9999 -9999 -9999 -9999 -9999 -9999 -9999 -9999 -9999 -9999 -9999 313 326 349 23 60 77 81 85 97 106 110 111 110 109 108 108 109 110 111 114 117 123 132 142 154 163 173 166 141 121 105 96 94 95 91 85 81 81 85 92 107 140 183 213 219 212 200 188 181 174 159 141 130 123 117 114 119 147 205 241 267 277 282 287 291 294 295 296 297 297 296 297 298 298 295 292
-9999 -9999 -9999 -9999 -9999 -9999 -9999 -9999 -9999 -9999 305 312 327 358 36 63 72 75 81 95 105 107 106 104 103 102 102 102 103 104 106 110 118 127 141 159 178 186 169 151 140 129 119 112 110 106 98 91 87 87 93 109 138 180 208 212 207 199 191 180 171 160 147 136 129 124 119 124 165 229 264 282 285 287 289 292 295 294 291 287 284 282 282 283 283 282 278
-9999 -9999 -9999 -9999 -9999 -9999 -9999 -9999 -9999 -9999 296 300 315 12 63 76 80 81 85 93 101 104 102 100 98 96 94 93 92 93 94 97 104 113 127 156 191 194 167 149 144 139 133 127 127 125 116 105 93 86 87 96 121 176 210 211 202 197 192 179 168 160 151 143 137 132 126 133 189 243 271 285 288 287 288 290 290 289 285 278 271 267 266 267 268 268 266
-9999 -9999 -9999 -9999 -9999 -9999 -9999 -9999 -9999 -9999 275 266 240 151 117 101 93 91 90 92 95 99 98 95 92 89 85 82 80 79 79 81 83 85 88 101 201 193 156 139 139 140 139 139 142 143 135 123 104 82 74 74 80 120 213 211 196 189 185 175 166 159 152 147 143 139 134 144 207 248 271 283 287 287 287 288 287 284 279 271 261 257 256 257 258 257 256
-9999 -9999 -9999 -9999 -9999 -9999 -9999 -9999 -9999 258 246 226 196 166 147 130 112 102 96 93 91 90 89 86 82 79 74 71 68 67 66 65 64 60 53 40 24 73 121 126 131 137 141 145 151 155 148 138 128 85 64 58 53 50 71 203 187 178 173 167 162 157 151 148 146 146 143 157 220 253 269 279 284 286 287 288 287 281 273 264 256 253 253 253 251 250 247
-9999 -9999 -9999 -9999 -9999 -9999 -9999 -9999 -9999 236 223 207 189 169 156 148 135 116 101 91 83 79 78 75 72 69 66 64 62 60 59 57 55 50 43 35 32 55 97 116 126 134 140 147 154 161 157 147 152 140 66 55 52 51 55 99 159 163 160 156 155 152 149 147 147 150 152 174 237 261 271 279 284 286 288 289 288 283 272 261 255 253 253 251 248 246 241
-9999 -9999 -9999 -9999 -9999 -9999 -9999 -9999 -9999 221 212 201 188 173 160 155 150 130 103 84 73 71 71 69 67 66 65 64 62 59 57 56 53 49 44 43 50 74 99 112 121 128 136 145 153 164 166 153 157 186 135 75 67 65 61 60 83 115 131 136 139 142 146 146 146 153 163 204 257 272 278 283 287 290 292 294 296 294 286 276 268 262 257 252 248 243 236
-9999 -9999 -9999 -9999 -9999 -9999 -9999 -9999 218 214 208 200 190 178 168 165 165 144 107 78 68 68 69 68 68 69 69 67 63 60 59 57 55 52 52 58 72 89 101 109 113 117 125 137 149 165 178 171 160 189 175 115 91 79 65 55 58 72 91 108 118 128 139 143 142 155 181 244 273 280 283 286 289 292 295 299 305 308 306 302 292 276 264 256 249 242 232
-9999 -9999 -9999 -9999 -9999 -9999 -9999 -9999 213 212 208 202 194 185 179 183 187 170 133 89 73 71 71 70 71 72 72 70 66 63 62 60 58 58 62 72 84 93 99 101 102 102 107 121 138 160 185 194 193 193 156 120 98 80 64 55 57 69 85 99 108 117 130 141 144 162 212 263 277 282 283 285 287 289 293 299 307 313 313 313 306 285 270 261 252 241 227
-9999 -9999 -9999 -9999 -9999 -9999 -9999 -9999 211 212 210 204 198 192 191 197 201 191 175 141 95 82 78 77 77 78 78 76 73 70 68 66 64 65 70 77 84 89 91 89 88 87 88 94 110 139 177 200 211 207 151 113 93 75 64 62 69 82 94 102 108 113 125 140 151 176 224 261 273 277 278 279 281 282 285 291 300 306 306 307 305 282 268 264 255 239 221
-9999 -9999 -9999 -9999 -9999 -9999 -9999 -9999 211 212 211 207 203 199 200 205 207 202 194 177 127 99 90 87 86 86 86 85 83 79 76 74 73 74 77 80 82 82 79 75 71 71 71 72 76 93 139 192 213 209 177 133 103 83 79 82 89 97 104 108 111 113 122 138 157 183 222 252 263 268 270 271 273 274 275 278 283 288 288 289 285 264 261 261 253 231 208
