Sardinia/Input files/SaCurcurica/sacu_asp_5k.txt
ncols         404
nrows         401
xllcorner     4297873.4253069
yllcorner     1923781.1087337
cellsize      25
NODATA_value  -9999
[rows 190 to 227 of 401, columns 87 to 173 of 404]
111 112 114 117 120 123 126 130 134 136 132 125 119 115 112 110 110 114 125 140 154 163 155 140 122 104 93 85 80 77 77 79 82 83 83 80 77 71 56 41 36 36 42 47 47 44 41 36 29 20 18 21 26 29 34 39 36 24 14 22 38 48 51 57 83 110 122 130 151 179 181 147 123 119 128 146 165 191 224 249 263 279 296 307 304 295 288
115 116 120 124 129 133 136 140 144 146 144 136 129 123 118 114 112 114 123 139 157 167 164 155 143 126 109 97 91 90 92 92 91 90 89 91 92 90 80 60 48 45 49 52 49 43 39 33 26 20 21 26 28 32 37 39 37 27 17 25 40 49 55 62 75 86 92 99 119 176 183 147 123 116 119 131 156 214 261 278 285 290 296 303 303 297 291
114 116 121 127 133 136 140 143 145 147 146 139 132 127 122 117 115 115 122 137 156 167 167 160 152 139 123 110 103 103 103 100 97 94 95 100 106 110 113 108 86 69 65 61 54 46 39 33 25 22 27 31 31 34 37 39 39 30 20 27 39 46 51 59 70 75 75 75 78 104 158 134 120 113 112 118 148 261 284 296 301 301 300 301 300 297 294
110 113 117 123 129 133 137 140 141 143 143 137 130 126 123 121 120 121 127 142 159 167 168 165 159 149 136 124 115 113 113 109 104 101 102 109 119 130 142 147 131 118 103 87 72 57 45 36 30 30 37 40 36 34 36 39 40 34 24 25 33 40 48 59 69 73 71 70 68 66 96 110 109 106 104 104 133 284 292 301 308 311 308 305 301 299 299
103 106 109 114 119 123 126 127 128 128 128 126 122 120 120 122 125 130 137 152 166 170 171 170 167 159 148 137 126 120 121 122 118 114 112 117 129 148 168 176 157 141 138 134 121 99 72 53 48 52 58 55 41 33 35 40 42 37 28 23 25 36 50 61 68 74 79 78 71 62 66 81 88 90 89 84 322 291 293 299 306 312 312 308 302 299 302
96 98 100 102 105 106 104 101 97 97 101 105 108 110 114 119 127 136 145 159 171 174 175 176 173 164 155 146 136 129 129 132 132 128 124 126 138 157 176 184 171 152 149 155 159 157 149 132 106 94 86 71 39 26 33 41 44 41 32 23 20 35 54 64 67 72 82 84 72 53 48 59 68 73 74 62 315 290 289 293 298 304 306 304 298 292 294
89 89 89 89 88 84 77 70 68 73 80 87 94 100 106 113 122 134 146 160 171 175 179 181 176 167 160 153 143 137 137 140 140 136 131 133 143 159 175 183 178 163 156 163 173 176 174 169 153 131 110 77 19 12 30 43 45 42 36 27 21 39 59 67 68 71 78 81 69 47 45 57 66 69 67 50 305 283 281 283 287 292 296 297 290 280 277
82 80 79 76 72 64 56 54 58 66 74 81 87 93 97 102 109 121 136 152 165 173 179 182 177 170 165 159 149 142 142 146 146 140 133 134 143 154 168 179 179 172 166 170 178 182 182 180 174 161 146 101 336 354 26 44 47 46 41 34 29 44 64 69 70 72 77 83 90 93 96 99 99 93 79 55 290 273 270 272 277 283 287 289 280 268 259
75 72 69 65 58 51 48 51 58 67 74 80 84 87 89 90 93 98 109 128 147 161 173 179 175 169 166 162 153 145 144 148 150 144 136 135 141 146 157 172 178 178 176 177 180 184 187 187 187 188 195 231 279 319 27 54 58 56 51 44 39 50 66 70 70 72 77 89 119 147 148 144 144 146 139 124 267 266 264 266 271 277 279 276 261 248 228
69 65 61 56 51 47 49 54 62 71 76 79 81 82 82 81 79 78 81 89 106 127 152 169 168 161 160 162 155 145 142 146 150 147 140 137 139 140 146 160 172 179 181 181 181 186 192 195 199 207 215 229 247 262 65 84 86 81 69 57 49 56 67 70 69 70 74 85 111 139 148 151 158 168 179 191 247 263 265 268 271 274 269 249 222 213 194
66 60 55 51 48 49 53 59 66 73 76 78 79 78 77 74 71 68 67 70 80 97 121 149 155 147 148 156 155 144 137 137 142 144 141 140 140 138 139 148 160 171 178 182 184 188 195 200 207 216 221 227 237 238 159 112 111 110 97 78 64 65 70 70 67 65 66 72 88 112 130 141 155 173 194 214 247 264 268 271 272 269 252 210 188 184 176
67 56 51 48 48 51 56 61 66 71 74 76 76 74 71 68 64 61 62 63 70 85 103 130 141 136 139 149 153 142 130 126 128 132 136 140 142 140 140 143 150 160 170 178 184 189 194 201 212 221 225 227 231 225 172 125 121 127 126 112 97 85 78 72 65 60 59 63 70 82 96 112 133 167 209 236 258 270 272 271 267 255 221 180 170 169 167
70 51 48 48 51 56 59 61 64 66 69 70 71 69 66 61 58 58 59 61 67 77 90 111 128 129 132 141 147 138 124 116 114 116 122 132 139 140 139 140 145 153 163 174 183 187 191 202 218 226 227 225 224 216 180 138 128 135 145 144 137 121 98 82 69 60 57 59 62 65 71 79 94 135 224 252 267 275 274 268 257 232 195 167 159 159 160
237 43 48 51 56 60 62 62 62 63 64 64 63 62 60 56 54 56 58 60 65 72 80 95 114 120 121 126 132 129 117 107 101 98 100 108 119 126 128 133 141 150 159 170 180 184 188 204 223 229 227 222 218 208 185 154 141 145 153 154 154 148 127 104 87 73 65 62 61 61 62 64 71 90 226 256 269 276 274 264 245 211 180 162 154 154 156
236 252 54 59 63 64 64 63 62 62 60 59 58 57 55 52 52 54 56 58 61 65 70 78 89 98 101 104 110 112 102 88 76 69 63 57 53 62 84 105 127 148 160 170 178 179 182 200 223 228 224 217 211 203 187 168 159 159 160 159 160 160 147 128 115 98 82 73 68 66 64 62 64 73 187 254 262 266 265 254 230 194 169 159 152 152 156
236 236 114 76 73 70 68 65 62 60 58 57 56 54 52 50 50 52 54 55 57 61 63 64 65 68 73 76 74 67 55 42 36 34 31 28 26 31 46 64 83 120 153 169 176 174 172 186 211 221 220 212 204 198 187 175 170 170 169 168 168 169 159 142 130 115 96 85 79 75 70 65 63 65 65 252 251 251 248 235 211 181 161 154 149 150 158
236 231 197 103 83 75 69 64 61 58 57 56 54 52 49 47 47 49 51 53 55 58 59 58 56 56 55 48 34 23 14 11 12 14 17 19 20 25 37 49 56 69 113 159 173 168 161 172 197 213 215 206 197 192 184 177 175 177 177 177 177 177 171 158 143 118 96 87 83 79 75 69 65 64 60 263 245 242 236 220 198 176 158 150 145 147 157
233 228 212 145 90 75 68 63 60 59 59 58 55 52 48 45 45 46 49 52 56 58 59 56 53 52 46 31 13 6 1 2 6 8 13 16 18 25 37 45 48 51 63 105 159 155 146 157 186 207 211 201 190 185 180 176 177 181 183 183 183 185 184 180 173 131 93 83 79 76 74 72 70 68 64 52 240 235 228 212 193 177 160 149 143 144 155
228 225 217 191 114 80 72 68 65 64 64 63 60 55 49 44 43 45 50 54 59 61 61 57 53 49 39 20 4 359 357 0 6 10 12 13 18 29 40 45 45 44 46 48 54 93 111 131 171 201 206 195 184 179 175 175 179 185 187 188 189 191 195 199 201 170 113 89 78 74 71 72 76 77 73 73 192 222 219 207 192 181 166 150 143 144 153
222 220 216 206 175 110 87 79 76 76 75 73 68 60 50 43 42 47 53 59 64 66 64 59 52 44 32 14 1 357 358 1 9 14 14 14 20 34 44 47 45 43 39 35 29 34 60 85 129 188 197 187 178 175 172 175 183 189 193 196 195 196 202 210 209 184 151 120 93 80 75 75 78 81 82 86 116 191 205 202 196 189 177 158 146 147 152
216 216 213 208 196 161 117 99 93 91 89 87 81 70 54 45 47 54 61 67 70 70 67 60 51 39 25 11 1 359 1 5 10 15 16 16 22 35 45 48 48 44 38 34 31 32 46 63 83 146 181 176 170 170 173 179 187 194 201 205 200 197 204 212 206 185 167 151 122 100 89 83 80 80 85 92 107 144 182 195 200 198 188 173 160 157 155
213 212 211 208 201 183 152 125 114 109 106 103 101 93 78 67 67 72 76 77 76 74 69 62 50 35 21 9 2 0 3 7 11 14 15 17 23 33 43 48 49 47 42 41 40 40 47 59 69 89 143 157 156 163 175 185 193 201 211 212 200 193 199 205 201 188 177 165 141 118 104 92 84 80 84 93 104 119 145 180 200 203 194 182 172 166 162
211 211 210 208 203 191 170 147 133 126 122 119 119 122 123 119 110 101 94 89 83 78 71 62 49 33 19 7 1 0 1 6 9 11 14 18 24 33 42 48 50 50 49 50 50 50 53 59 63 65 77 107 124 142 169 192 202 209 215 211 195 186 192 197 197 193 187 176 152 127 112 100 88 83 85 91 100 107 115 145 192 202 195 185 177 170 165
212 213 211 208 203 192 177 160 146 138 134 132 135 142 145 142 135 123 110 99 89 81 72 62 48 33 19 5 357 354 354 1 6 10 14 19 26 35 43 50 54 56 57 58 58 57 58 61 59 54 53 63 79 94 131 201 214 213 211 202 189 184 188 192 195 197 195 187 163 135 119 106 94 86 85 87 90 91 91 98 150 194 192 185 178 172 166
218 217 213 207 201 191 179 167 156 147 142 143 148 154 154 149 145 136 122 107 93 81 69 57 45 34 23 5 349 343 345 354 2 8 14 22 30 38 46 54 59 61 62 62 62 62 63 62 58 53 51 53 60 65 63 35 224 210 199 191 186 186 189 192 194 198 200 196 174 146 129 116 102 91 85 81 75 70 69 69 74 122 182 190 191 190 141
227 224 216 207 198 189 178 169 161 153 148 149 154 158 158 155 152 144 130 113 94 77 62 51 44 38 31 8 339 328 331 342 354 5 16 28 38 46 52 58 62 64 63 61 60 63 65 64 61 60 58 59 62 62 56 48 124 184 181 180 184 189 192 193 193 197 202 200 183 159 141 128 114 98 87 78 69 63 63 64 62 58 34 325 322 334 347
239 234 223 208 194 184 175 168 160 155 151 152 155 158 160 161 160 152 138 119 97 74 57 48 46 46 41 16 333 313 308 313 330 356 23 46 58 63 64 65 65 64 61 59 59 63 67 68 69 69 69 71 72 70 65 65 85 134 156 165 180 191 194 191 190 194 200 200 189 172 156 142 130 112 97 87 79 74 73 71 65 49 7 336 332 338 346
253 248 234 208 185 174 168 161 155 152 150 151 154 157 160 165 169 165 150 127 102 75 54 49 51 54 53 37 326 272 245 231 222 206 136 100 94 90 82 74 68 62 58 57 60 66 70 74 77 78 78 79 80 78 74 75 84 100 119 134 161 182 183 182 183 189 197 199 193 181 168 155 145 130 115 105 99 94 89 82 67 32 348 333 333 339 345
272 267 251 202 166 157 154 149 146 146 147 148 151 157 163 172 179 180 170 144 110 77 55 52 56 62 66 72 140 190 194 195 193 188 174 145 125 118 104 84 72 63 58 58 63 68 72 76 80 83 85 85 84 82 79 80 83 86 84 80 101 139 155 164 173 184 194 198 193 184 173 163 155 144 130 121 116 112 106 94 63 1 330 326 329 335 340
290 286 275 166 136 132 134 134 136 139 143 146 151 159 169 180 190 195 192 177 137 91 70 66 69 73 77 88 123 160 176 181 183 183 178 161 145 140 134 103 81 70 65 65 68 72 75 77 81 86 89 88 86 83 83 85 87 89 80 71 86 109 127 142 158 177 192 196 190 181 172 165 158 149 138 130 125 124 123 113 39 325 313 313 318 323 330
305 303 315 101 111 115 120 124 128 133 138 143 151 162 175 189 201 207 206 201 187 150 117 103 94 89 88 93 111 136 159 171 176 180 179 168 158 157 159 136 102 87 81 78 78 79 79 81 85 89 91 89 86 85 86 89 94 104 123 105 92 93 98 107 124 159 188 189 180 172 167 163 158 150 142 134 130 132 139 156 281 297 295 294 297 302 310
319 325 26 95 109 115 118 121 124 129 134 140 151 166 182 198 210 213 211 207 198 178 153 133 116 104 98 98 105 117 137 155 167 176 178 172 167 170 173 161 133 114 105 98 91 87 86 88 91 92 91 90 89 88 89 93 100 117 159 158 103 78 68 68 75 95 156 169 163 160 159 157 154 149 143 136 134 140 159 208 264 280 281 279 277 278 279
333 0 74 107 118 122 122 123 125 129 133 139 152 172 191 207 215 216 212 207 199 185 166 147 128 113 104 100 99 102 112 129 148 166 172 172 176 180 179 167 148 132 123 115 107 100 97 96 96 95 93 93 94 94 94 97 104 123 173 191 144 57 48 52 58 66 94 132 142 146 148 149 149 147 142 135 135 146 183 236 264 274 275 272 267 262 256
349 61 101 115 122 125 126 126 128 131 135 141 156 179 201 214 217 215 211 205 198 188 173 155 135 115 102 96 91 88 90 98 115 139 158 170 181 186 179 165 150 138 131 126 121 114 109 106 104 100 97 97 99 100 100 100 104 121 179 210 222 331 34 50 57 64 79 104 122 132 136 138 140 140 135 128 127 147 224 261 271 275 275 270 262 253 242
111 114 117 120 123 126 127 128 129 132 136 144 162 189 210 217 216 214 211 205 199 190 178 165 144 110 95 89 83 78 76 79 89 107 133 161 180 184 177 162 148 139 134 133 130 125 120 116 112 108 105 103 102 103 102 100 101 111 176 215 232 257 5 52 59 63 72 85 101 113 121 125 126 125 119 108 94 37 303 288 282 280 277 270 258 244 232
160 135 126 123 124 125 127 128 129 131 136 146 169 198 214 217 215 214 213 209 203 194 186 182 164 104 90 85 77 71 69 71 79 92 111 144 170 177 174 161 145 136 133 133 132 129 125 123 121 117 113 108 105 105 104 100 96 98 148 210 233 249 274 50 57 60 67 75 84 96 106 111 109 100 84 64 37 1 332 309 293 286 281 271 252 233 221
169 146 131 125 123 123 125 126 128 130 134 146 174 204 215 216 216 217 217 215 210 205 203 211 200 107 90 81 70 66 67 72 80 91 106 133 159 170 172 162 142 128 124 126 128 128 126 126 128 127 120 113 109 108 107 101 94 91 114 197 236 249 256 40 59 63 69 75 81 90 99 105 99 74 50 33 17 0 342 317 296 286 279 263 234 213 205
174 153 135 125 121 120 121 123 125 127 131 145 178 206 214 218 222 225 227 226 224 224 226 228 208 126 95 81 69 68 72 78 85 93 106 129 154 165 171 165 144 123 117 118 122 125 125 126 131 133 127 118 112 111 110 105 96 90 97 172 244 252 248 208 93 84 84 86 90 95 102 109 105 63 33 21 13 4 347 309 283 270 255 227 201 190 189
