Sardinia/Input files/SaCurcurica/sacu_asp_5k.txt
ncols         404
nrows         401
xllcorner     4297873.4253069
yllcorner     1923781.1087337
cellsize      25
NODATA_value  -9999
[rows 76 to 113 of 401, columns 174 to 260 of 404]
291 294 299 305 309 313 315 315 313 309 305 301 298 296 298 302 309 316 329 347 8 25 34 41 48 51 50 49 47 46 45 40 32 24 17 6 356 355 6 20 30 38 41 42 42 42 42 42 44 44 43 41 38 34 31 30 37 49 63 73 79 84 93 104 115 124 128 127 123 117 107 94 84 74 66 56 47 42 39 36 27 11 356 353 347 334 332
285 288 291 296 301 306 310 311 311 310 306 302 298 296 297 300 307 316 329 348 8 25 35 42 47 48 47 45 44 43 41 35 27 20 14 7 0 358 5 17 28 37 41 43 43 41 39 38 38 38 37 37 35 32 30 30 33 40 48 53 53 51 53 61 69 78 91 102 106 102 97 93 87 76 64 53 46 43 42 39 29 11 358 355 346 329 326
272 275 278 281 286 292 296 299 301 301 299 295 292 290 290 293 299 309 325 347 10 28 38 43 46 47 45 42 41 39 36 30 23 17 12 7 3 1 6 16 27 35 40 42 41 38 34 32 33 34 35 36 35 33 31 31 34 39 42 42 39 36 39 43 44 51 61 68 74 79 88 95 94 83 66 55 50 48 45 41 27 9 358 354 343 327 323
255 258 261 263 265 268 272 275 277 279 278 277 275 275 276 278 283 291 308 339 14 37 47 49 50 49 45 40 37 34 30 26 20 15 10 6 4 3 8 18 28 36 39 41 39 34 29 28 29 31 34 36 36 34 33 33 36 39 38 35 31 30 34 36 38 49 58 63 66 75 87 95 100 95 76 65 61 58 53 43 25 4 353 349 339 327 325
241 243 243 242 242 242 244 246 246 247 247 249 252 254 255 257 259 261 261 262 63 69 67 64 60 53 44 36 30 27 24 22 18 13 9 6 5 6 12 23 32 38 41 41 38 31 25 25 27 31 34 37 37 36 35 36 37 37 34 31 29 29 31 34 41 53 61 65 68 77 86 92 96 102 98 88 84 80 72 53 23 355 342 339 334 325 328
232 232 230 227 226 226 227 228 227 226 225 228 232 235 237 239 239 234 224 207 183 146 111 93 78 58 41 29 22 20 19 18 16 13 10 9 9 11 18 29 38 42 43 41 36 28 22 22 26 31 35 38 39 39 39 39 39 37 34 32 32 32 34 40 50 59 65 69 73 79 85 87 90 99 112 111 107 106 105 82 7 333 325 324 322 315 332
225 224 220 217 216 218 219 220 219 217 216 218 222 225 227 227 226 220 211 201 191 178 156 132 109 69 32 17 13 12 12 13 13 13 13 14 15 19 26 36 43 45 42 38 32 25 18 18 23 30 37 41 42 44 45 46 44 41 39 38 39 40 46 55 64 70 74 76 78 80 83 85 87 95 111 119 119 122 133 168 287 302 301 299 289 215 146
220 218 214 211 212 214 216 216 215 212 212 214 218 220 221 221 218 212 206 200 196 190 180 169 161 155 349 350 357 0 3 7 11 14 17 21 25 29 34 41 45 44 39 33 27 21 14 13 20 31 40 46 49 52 55 56 55 54 54 55 57 60 68 77 82 84 85 84 82 81 83 87 90 96 106 115 119 124 148 215 259 273 272 258 205 162 144
215 213 210 209 211 213 214 214 213 211 210 213 216 217 218 217 214 209 204 202 200 197 194 192 195 211 252 295 323 339 351 1 9 17 25 31 36 39 42 44 44 40 33 27 21 16 11 12 22 35 47 55 61 66 69 70 72 76 81 84 86 89 93 95 96 96 94 89 84 82 85 90 94 97 102 107 110 117 153 230 247 247 237 212 175 155 145
212 211 210 211 212 213 213 213 212 210 209 212 214 215 216 215 212 208 206 205 205 205 205 206 210 220 240 265 289 311 333 353 8 23 34 42 46 47 46 44 40 34 27 21 16 13 12 17 30 47 59 68 74 80 84 86 90 96 103 106 107 107 107 106 104 102 98 92 86 84 84 87 92 96 98 98 98 103 140 231 234 224 211 192 169 155 149
209 211 212 213 214 213 213 213 212 210 210 212 214 215 216 216 214 211 210 211 212 213 215 217 220 227 239 253 266 281 302 335 8 31 44 48 50 49 46 41 34 28 21 15 13 13 18 28 45 63 74 81 86 92 96 100 104 107 111 114 113 110 108 108 107 105 101 95 89 85 82 82 85 88 87 83 81 79 82 230 224 210 199 186 167 155 153
208 212 215 217 216 216 215 214 212 211 211 213 214 216 218 219 218 217 217 218 220 222 224 226 228 232 238 246 252 259 267 291 359 41 51 52 52 51 48 41 32 24 18 13 13 19 30 45 62 76 85 92 97 102 106 109 110 110 111 113 111 107 103 102 103 104 101 97 93 89 84 80 76 70 60 55 55 53 45 23 215 196 190 180 165 155 158
205 215 219 220 220 220 218 215 214 214 215 215 216 219 222 224 225 226 226 228 231 234 235 235 235 235 236 240 244 247 249 254 279 49 56 56 56 57 55 49 38 30 26 19 21 36 53 67 79 87 93 99 103 108 111 113 112 109 107 106 104 100 96 94 95 96 98 99 98 93 85 75 62 43 31 31 36 38 36 33 46 126 164 169 163 158 164
164 216 225 225 226 225 221 219 218 219 220 220 222 226 229 232 233 235 237 239 243 245 244 241 238 235 233 234 237 240 241 241 240 73 63 63 65 66 66 63 56 58 66 64 72 85 91 95 97 99 101 104 107 110 111 112 109 103 97 92 91 89 87 86 86 86 89 94 96 90 78 62 40 21 17 23 31 37 38 42 52 79 122 148 158 162 171
96 201 230 232 233 231 227 224 224 226 228 230 232 235 238 240 241 243 245 248 250 250 246 241 236 231 226 226 229 234 236 236 233 215 99 80 77 77 77 78 83 95 108 132 138 126 119 115 111 108 107 107 108 108 106 103 97 89 80 75 73 74 77 78 78 78 81 86 87 79 60 36 16 7 12 24 35 43 48 55 64 79 101 124 145 161 178
88 131 234 239 241 238 234 232 232 234 238 241 242 243 244 245 245 247 248 249 249 246 240 232 226 220 215 216 223 229 232 231 227 214 170 110 91 85 84 87 98 111 123 139 144 138 129 122 117 113 109 107 105 102 96 89 80 70 62 59 59 63 69 71 71 73 77 79 75 60 30 10 0 0 12 28 41 51 59 66 71 77 85 94 107 134 182
80 88 230 241 243 242 240 238 237 239 242 244 244 244 245 246 246 246 245 244 241 235 227 219 214 209 206 210 218 226 228 227 223 215 196 149 106 91 87 91 102 115 127 137 142 139 132 123 117 112 107 103 98 92 83 74 64 54 49 50 53 59 64 67 68 71 73 71 61 36 5 354 353 359 15 33 47 57 63 66 64 63 64 63 55 42 17
77 82 180 240 243 242 241 239 238 240 242 241 240 240 241 243 243 242 240 236 231 224 216 210 205 203 203 208 216 223 226 225 222 218 208 182 133 103 95 96 104 114 125 133 136 136 131 123 115 108 102 95 88 78 68 60 52 45 44 48 53 59 64 68 69 69 67 61 48 23 354 347 351 0 19 40 55 63 65 62 54 50 50 46 37 29 23
82 86 114 234 242 243 243 242 242 243 242 240 237 236 237 238 238 236 234 229 224 217 209 204 201 201 204 210 217 223 225 225 224 221 213 197 167 128 110 105 108 114 122 128 129 129 127 121 113 104 95 86 76 64 55 50 46 44 46 51 57 65 70 73 72 69 63 55 43 19 353 346 352 4 25 49 63 68 67 59 48 45 45 40 34 33 34
87 88 101 214 239 244 246 247 248 247 243 239 235 234 234 234 234 232 229 226 221 214 206 202 200 203 208 215 222 226 228 228 227 222 214 202 183 152 127 116 113 114 120 123 122 121 120 115 107 96 85 74 63 53 47 46 47 48 52 59 67 75 78 77 74 69 62 54 41 18 356 352 359 11 34 57 68 71 68 59 47 44 43 39 36 40 44
90 88 95 165 232 243 247 249 250 248 243 236 233 232 232 232 231 229 227 224 220 213 206 202 203 208 216 223 229 232 234 233 229 223 215 205 190 164 141 126 118 115 116 117 115 113 111 106 97 85 72 61 52 46 45 48 53 57 63 72 80 84 83 79 74 68 61 51 37 18 2 1 11 23 42 62 70 71 66 56 46 43 43 38 39 45 48
95 91 96 130 223 243 247 249 249 247 240 234 231 230 231 231 230 228 226 223 219 213 207 204 206 215 225 233 239 243 244 241 234 225 217 208 192 170 149 134 124 116 112 110 108 105 102 97 87 73 60 52 47 45 48 54 62 69 78 88 92 91 86 79 72 64 55 44 33 20 10 10 18 28 40 55 64 64 57 49 42 40 39 35 40 47 50
103 98 101 120 215 245 248 248 247 245 240 234 231 230 230 231 230 228 224 221 217 212 208 206 209 220 231 239 244 248 250 247 240 231 220 208 192 174 157 143 132 121 111 105 101 98 94 89 80 65 55 50 49 50 56 63 70 78 87 94 97 94 87 77 68 59 49 40 31 22 17 16 19 25 32 43 51 51 47 42 38 35 30 29 37 45 48
106 105 106 118 208 246 250 249 249 246 243 240 236 233 232 232 230 226 222 219 215 212 209 207 211 221 231 236 238 241 243 243 240 231 217 201 187 175 164 156 149 138 123 110 101 95 89 84 77 67 61 59 59 63 68 73 77 82 87 92 94 90 83 73 62 52 43 36 30 26 23 20 17 20 27 34 39 40 39 37 35 30 24 23 30 38 43
104 110 111 120 208 247 251 253 253 251 249 251 252 247 240 234 230 225 221 218 216 213 210 208 214 222 228 229 229 228 230 231 229 219 203 189 181 174 169 167 167 161 149 133 117 104 94 87 83 84 86 84 81 81 82 84 85 86 86 86 85 82 75 65 53 43 35 32 32 31 28 22 16 16 20 25 30 33 34 34 33 28 22 19 23 32 41
106 113 116 125 214 249 254 256 257 256 256 259 265 267 254 239 233 227 223 220 219 216 212 213 219 226 228 226 223 222 223 224 219 207 191 182 176 173 173 174 176 174 168 158 146 130 115 105 103 107 113 112 102 94 91 91 90 89 86 83 78 74 67 55 43 35 31 34 38 39 34 24 13 9 12 16 23 28 30 31 31 28 23 19 21 30 41
111 115 117 130 218 250 258 262 264 262 262 264 269 277 276 252 240 235 229 227 227 224 222 226 233 238 236 231 225 222 222 221 216 202 188 180 175 173 174 177 180 180 178 173 166 157 144 133 126 125 128 127 116 102 95 91 89 87 84 79 73 66 58 46 35 32 33 39 44 44 39 26 9 1 2 7 15 23 27 30 31 29 26 23 23 30 43
111 113 116 134 224 254 264 269 270 270 270 271 274 280 291 284 259 250 245 245 247 247 248 253 258 259 256 246 234 227 224 223 217 201 186 180 176 174 175 178 182 184 185 182 177 171 163 154 144 138 138 139 128 109 96 88 83 81 78 72 66 59 51 41 32 32 36 43 48 49 43 27 6 354 350 354 7 19 26 31 33 33 31 28 27 33 48
110 112 115 134 238 263 270 272 272 273 273 273 274 277 288 303 282 267 263 266 272 277 280 281 280 280 278 272 255 238 233 230 221 202 186 180 176 174 175 179 183 187 189 187 183 177 172 167 158 153 153 153 143 121 100 86 79 75 71 64 58 52 45 36 31 32 36 44 51 52 45 29 8 349 337 339 356 15 27 34 37 38 36 35 36 46 61
113 113 115 137 252 270 274 273 271 270 268 265 264 264 266 273 273 270 271 276 282 289 295 295 293 292 294 297 295 277 258 245 228 203 186 181 175 173 175 179 184 189 191 189 184 179 175 172 167 165 167 168 163 144 116 92 80 73 67 60 54 47 39 32 29 31 37 47 55 55 48 34 14 345 325 326 345 10 28 38 41 43 44 46 52 65 78
121 119 118 148 259 274 279 276 271 266 259 252 249 247 240 232 247 264 272 277 280 285 292 295 295 295 300 311 323 322 303 274 242 209 190 182 173 169 171 174 181 189 192 189 182 177 173 172 170 170 174 177 177 169 150 119 93 79 70 62 54 46 37 31 31 35 44 55 61 62 59 52 26 331 311 313 331 1 26 40 45 49 54 60 70 83 92
131 130 128 172 264 279 288 283 271 259 249 242 241 237 228 226 249 269 275 277 277 279 284 289 291 292 297 309 325 334 331 310 272 228 201 185 169 160 146 141 162 188 197 188 175 168 165 165 167 170 175 181 184 182 174 157 130 106 91 80 69 57 45 38 40 47 57 67 73 78 83 90 101 281 286 294 312 348 25 43 51 57 64 72 81 92 99
137 139 141 200 266 280 291 290 273 260 251 248 246 242 238 251 275 285 285 282 278 276 278 282 285 287 290 298 313 330 341 333 298 257 222 189 188 324 28 72 99 174 208 189 158 146 145 151 158 165 173 181 186 186 181 173 161 145 131 123 112 91 72 64 65 71 78 85 92 99 108 123 167 232 254 264 275 307 30 55 63 69 74 80 86 93 100
134 140 148 223 266 276 287 297 287 278 274 272 271 271 278 290 299 302 298 291 283 278 278 280 282 282 283 284 290 304 348 1 253 233 203 186 225 267 19 73 74 50 279 168 127 125 129 137 147 157 169 179 185 185 181 176 172 163 156 155 158 146 114 104 105 107 107 108 111 116 124 141 175 212 231 238 238 230 165 91 83 83 85 88 91 95 99
123 132 149 244 267 273 282 298 298 293 294 296 298 302 306 309 312 314 311 304 294 286 282 281 281 280 277 272 265 244 170 165 198 202 185 187 228 248 223 78 62 27 4 73 106 113 118 124 133 146 161 174 181 181 177 175 173 170 167 172 184 186 149 120 120 124 125 124 124 127 133 148 176 203 218 223 220 212 191 143 108 98 96 95 96 97 99
114 120 150 262 269 269 272 284 292 295 301 307 311 314 315 317 319 322 321 317 308 296 288 284 282 279 274 265 251 225 179 172 194 197 196 238 279 283 310 43 39 22 26 65 91 99 102 105 110 120 137 157 168 169 166 167 171 172 174 185 205 212 169 122 120 125 128 129 129 130 134 148 173 196 210 215 214 209 197 170 133 113 104 100 98 98 98
113 116 179 265 267 264 262 266 281 292 302 308 313 316 319 322 324 327 328 326 319 307 296 289 284 280 273 263 250 236 220 264 313 317 321 323 323 326 339 7 19 20 31 56 75 82 83 81 79 76 76 84 105 119 126 137 154 175 201 242 256 250 162 116 115 119 123 125 125 125 127 137 161 188 206 213 214 209 199 180 152 128 114 106 101 99 98
115 119 202 257 261 260 257 261 275 288 297 304 310 313 318 323 326 329 332 331 325 316 305 296 289 282 275 267 259 262 292 333 344 344 339 334 334 339 347 0 12 19 29 48 61 66 66 63 57 50 42 37 35 39 43 36 15 353 345 341 333 329 80 103 106 108 110 111 108 103 98 98 114 165 204 216 216 210 200 183 162 141 126 115 107 102 99
