Sardinia/Input files/SaCurcurica/sacu_slp_5k.txt
ncols         404
nrows         401
xllcorner     4297873.4253069
yllcorner     1923781.1087337
cellsize      25
NODATA_value  -9999
[rows 126 to 167 of 401, columns 188 to 281 of 404]
14 14 15 17 17 16 13 11 10 9 7 5 2 3 6 8 9 10 10 11 12 12 11 11 10 9 8 7 7 6 4 4 6 8 8 9 11 13 16 18 21 22 24 25 25 23 21 19 17 14 11 8 5 3 1 5 7 8 9 11 12 13 14 13 13 11 9 8 6 4 3 2 2 2 2 2 1 1 0 1 1 -9999 -9999 -9999 -9999 -9999 -9999 -9999 -9999 -9999 -9999 -9999 -9999 -9999
15 14 15 16 16 15 12 11 10 9 8 7 5 5 9 11 12 11 10 11 12 12 12 12 12 11 11 10 9 7 5 3 6 8 10 11 13 15 18 20 22 24 25 25 24 22 20 17 15 13 10 8 6 4 1 3 7 8 10 12 13 14 15 15 14 13 11 9 7 5 3 2 2 2 2 2 1 1 1 1 1 -9999 -9999 -9999 -9999 -9999 -9999 -9999 -9999 -9999 -9999 -9999 -9999 -9999
15 15 14 15 15 14 11 9 9 8 7 7 7 9 12 14 14 12 11 11 12 13 13 13 14 14 14 13 12 10 7 4 6 9 11 13 16 18 20 22 23 24 24 23 21 19 17 15 13 12 10 9 7 5 3 2 7 9 10 11 13 14 14 15 14 13 12 10 8 5 3 2 2 2 2 2 1 1 1 2 1 -9999 -9999 -9999 -9999 -9999 -9999 -9999 -9999 -9999 -9999 -9999 -9999 -9999
16 15 15 15 15 13 11 8 7 6 5 7 8 11 14 16 15 14 13 13 14 15 15 15 16 16 16 16 16 14 11 8 8 11 14 16 19 20 22 22 23 23 22 20 18 16 14 13 11 10 10 9 7 6 5 5 5 8 8 9 10 11 12 13 14 14 13 11 8 6 4 2 2 2 2 2 1 1 1 2 1 -9999 -9999 -9999 -9999 -9999 -9999 -9999 -9999 -9999 -9999 -9999 -9999 -9999
17 16 15 15 15 13 10 8 5 3 3 5 8 12 16 17 16 15 14 15 15 16 16 17 17 17 18 18 19 18 16 13 12 14 16 19 21 22 23 22 22 21 19 16 14 12 10 9 8 8 9 10 8 7 7 6 3 4 5 5 7 9 11 13 14 14 13 11 9 6 4 3 2 2 2 2 1 1 1 2 1 -9999 -9999 -9999 -9999 -9999 -9999 -9999 -9999 -9999 -9999 -9999 -9999 -9999
18 17 16 15 15 13 10 7 4 1 2 5 9 13 16 16 16 14 14 14 15 16 17 17 17 17 18 19 20 20 19 17 16 17 19 21 22 23 23 21 20 18 15 12 9 7 6 5 6 8 10 10 9 7 7 6 2 2 4 6 8 11 12 13 14 14 13 11 9 6 4 3 2 2 2 2 1 1 1 1 -9999 -9999 -9999 -9999 -9999 -9999 -9999 -9999 -9999 -9999 -9999 -9999 -9999 -9999
19 18 16 15 15 13 10 7 4 2 4 6 10 13 15 15 14 13 12 13 14 16 16 16 16 16 17 18 20 21 21 20 20 20 21 22 23 23 21 19 17 14 11 8 6 4 3 4 6 9 11 11 9 7 6 5 3 4 7 9 11 13 14 14 14 14 12 11 8 6 4 3 2 2 1 1 1 1 2 2 -9999 -9999 -9999 -9999 -9999 -9999 -9999 -9999 -9999 -9999 -9999 -9999 -9999 -9999
20 18 16 15 15 13 10 7 5 5 6 8 11 13 14 13 13 12 11 11 13 14 15 15 15 15 16 18 20 21 22 22 22 22 22 23 22 21 19 17 14 12 9 6 4 3 2 4 7 9 11 10 8 6 5 5 4 6 9 11 13 13 14 14 14 13 11 10 8 5 3 2 2 1 1 1 1 2 2 2 -9999 -9999 -9999 -9999 -9999 -9999 -9999 -9999 -9999 -9999 -9999 -9999 -9999 -9999
21 18 16 15 14 12 9 7 7 8 9 10 12 13 13 12 12 11 11 11 12 14 15 16 16 16 16 18 19 20 21 22 22 23 23 23 22 19 17 14 12 9 7 6 4 2 2 5 7 10 10 9 7 6 5 5 6 7 10 12 12 13 13 13 13 11 10 9 7 4 3 2 2 1 1 1 1 2 2 2 -9999 -9999 -9999 -9999 -9999 -9999 -9999 -9999 -9999 -9999 -9999 -9999 -9999 -9999
21 18 16 15 14 12 9 6 6 9 11 12 14 14 13 13 13 13 12 12 13 14 15 16 17 17 17 17 17 18 19 19 20 21 22 22 20 17 14 12 10 8 7 6 4 1 3 6 7 9 10 9 8 7 7 7 7 8 10 11 12 12 12 12 11 10 9 8 6 4 3 2 2 1 1 1 2 3 2 -9999 -9999 -9999 -9999 -9999 -9999 -9999 -9999 -9999 -9999 -9999 -9999 -9999 -9999 -9999
20 18 17 16 15 13 9 6 6 10 12 14 15 15 14 14 15 15 15 15 15 15 17 18 18 18 17 16 16 16 16 16 17 19 20 20 18 16 14 12 10 8 7 6 4 3 4 6 8 9 10 10 10 9 9 9 8 8 10 11 11 11 11 11 10 9 8 7 5 3 2 2 2 1 1 1 2 3 2 -9999 -9999 -9999 -9999 -9999 -9999 -9999 -9999 -9999 -9999 -9999 -9999 -9999 -9999 -9999
19 18 18 17 15 13 9 5 5 10 13 15 16 16 16 16 17 18 19 18 17 17 17 18 18 18 17 17 16 15 15 15 16 17 18 18 17 15 14 12 11 10 9 7 6 5 6 7 8 9 10 11 11 11 10 9 9 9 10 10 11 11 10 10 9 8 7 6 5 3 2 2 2 1 1 2 3 2 -9999 -9999 -9999 -9999 -9999 -9999 -9999 -9999 -9999 -9999 -9999 -9999 -9999 -9999 -9999 -9999
19 19 19 18 16 13 9 3 5 11 14 16 17 18 19 19 20 22 22 20 18 16 16 16 16 17 17 17 17 16 15 16 17 17 17 16 15 15 14 13 12 12 11 9 8 7 7 8 9 10 10 11 11 10 10 9 9 9 10 10 10 10 10 9 9 8 7 6 4 2 2 2 2 1 2 2 3 3 -9999 -9999 -9999 -9999 -9999 -9999 -9999 -9999 -9999 -9999 -9999 -9999 -9999 -9999 -9999 -9999
19 20 20 19 17 13 9 2 5 12 16 18 20 21 22 22 23 24 22 19 16 14 13 13 13 14 15 16 17 16 16 17 17 17 16 15 15 14 13 13 13 12 11 10 8 8 8 8 9 9 10 10 10 10 9 9 9 9 10 10 9 9 9 9 9 7 6 5 4 2 2 2 2 2 2 3 3 3 -9999 -9999 -9999 -9999 -9999 -9999 -9999 -9999 -9999 -9999 -9999 -9999 -9999 -9999 -9999 -9999
20 21 21 20 18 13 8 3 7 13 17 20 23 25 25 25 24 23 21 17 13 11 10 10 10 11 13 14 15 15 15 16 16 16 15 14 13 12 12 11 11 10 9 8 7 7 8 8 9 9 9 10 10 10 9 9 9 9 9 9 9 9 9 9 9 7 5 5 3 2 2 2 2 2 2 3 3 -9999 -9999 -9999 -9999 -9999 -9999 -9999 -9999 -9999 -9999 -9999 -9999 -9999 -9999 -9999 -9999 -9999
22 23 22 22 19 14 9 5 9 15 19 23 26 27 27 25 24 21 17 13 10 8 6 6 6 8 9 11 12 12 13 13 13 13 12 12 11 10 9 8 8 7 6 5 5 6 7 8 8 9 9 9 9 9 9 9 9 9 9 9 9 9 9 9 8 6 5 4 3 2 2 2 2 2 3 3 3 -9999 -9999 -9999 -9999 -9999 -9999 -9999 -9999 -9999 -9999 -9999 -9999 -9999 -9999 -9999 -9999 -9999
24 24 23 22 20 15 9 6 11 16 21 25 28 28 27 25 21 18 13 10 8 5 3 2 2 3 5 7 8 9 9 9 9 9 9 8 7 6 5 4 4 3 3 3 3 4 5 6 7 8 8 8 8 9 9 9 9 9 9 9 9 9 9 8 6 5 4 3 3 2 2 2 2 2 2 2 -9999 -9999 -9999 -9999 -9999 -9999 -9999 -9999 -9999 -9999 -9999 -9999 -9999 -9999 -9999 -9999 -9999 -9999
24 24 23 22 20 15 9 7 12 18 23 27 29 28 26 23 19 14 10 8 6 3 1 0 0 0 1 2 3 4 5 5 5 5 5 4 3 2 1 1 1 0 0 1 2 3 4 5 6 7 7 7 8 8 8 8 8 9 9 9 8 8 7 6 5 4 3 3 3 2 2 2 2 2 2 -9999 -9999 -9999 -9999 -9999 -9999 -9999 -9999 -9999 -9999 -9999 -9999 -9999 -9999 -9999 -9999 -9999 -9999 -9999
24 24 23 21 19 15 9 7 12 19 24 28 29 28 25 20 16 11 8 5 4 2 0 1 1 1 1 1 1 0 1 2 3 3 3 2 1 1 1 1 1 1 0 0 1 2 3 3 4 5 6 7 7 7 7 7 7 8 8 8 7 6 6 5 4 3 3 3 3 2 2 2 2 2 2 -9999 -9999 -9999 -9999 -9999 -9999 -9999 -9999 -9999 -9999 -9999 -9999 -9999 -9999 -9999 -9999 -9999 -9999 -9999
23 24 22 20 18 14 8 6 12 19 24 27 28 27 23 18 13 9 6 4 3 1 0 1 1 1 2 2 2 1 1 1 2 2 2 1 1 1 1 1 1 1 1 0 1 1 2 3 3 4 5 5 6 6 6 6 6 6 7 6 5 5 4 4 3 2 3 3 3 2 2 2 2 2 -9999 -9999 -9999 -9999 -9999 -9999 -9999 -9999 -9999 -9999 -9999 -9999 -9999 -9999 -9999 -9999 -9999 -9999 -9999 -9999
22 22 21 19 17 13 6 6 12 19 24 27 28 25 21 16 11 7 5 3 2 1 1 1 2 2 2 3 2 2 2 2 2 2 2 2 2 1 1 1 1 1 1 1 1 1 1 2 2 3 3 4 4 4 5 5 5 5 5 5 4 4 4 3 2 2 3 3 3 2 2 2 2 2 -9999 -9999 -9999 -9999 -9999 -9999 -9999 -9999 -9999 -9999 -9999 -9999 -9999 -9999 -9999 -9999 -9999 -9999 -9999 -9999
21 21 20 18 15 11 4 4 12 18 23 26 27 24 20 15 11 7 5 3 1 0 2 2 2 3 3 2 2 2 2 2 2 2 2 2 2 2 2 1 1 1 1 1 1 1 1 1 1 2 2 3 3 3 3 4 4 3 3 3 3 3 3 2 2 2 3 3 3 2 2 2 2 -9999 -9999 -9999 -9999 -9999 -9999 -9999 -9999 -9999 -9999 -9999 -9999 -9999 -9999 -9999 -9999 -9999 -9999 -9999 -9999 -9999
22 21 20 18 15 10 3 4 12 18 23 25 26 23 20 16 11 8 6 3 1 1 2 3 3 3 2 1 1 2 2 2 2 2 2 3 3 3 2 2 2 2 2 2 2 2 1 0 0 1 2 2 3 3 3 3 3 3 3 2 3 3 2 2 2 2 3 3 2 2 2 1 2 -9999 -9999 -9999 -9999 -9999 -9999 -9999 -9999 -9999 -9999 -9999 -9999 -9999 -9999 -9999 -9999 -9999 -9999 -9999 -9999 -9999
22 21 20 18 14 9 4 6 13 19 22 24 24 23 20 16 12 9 7 4 0 1 3 3 3 2 1 0 2 2 1 1 1 2 2 3 3 3 3 3 3 3 3 3 2 2 2 1 0 0 1 2 3 3 2 2 2 2 2 2 2 2 2 2 2 2 3 3 2 1 2 2 -9999 -9999 -9999 -9999 -9999 -9999 -9999 -9999 -9999 -9999 -9999 -9999 -9999 -9999 -9999 -9999 -9999 -9999 -9999 -9999 -9999 -9999
20 19 18 16 13 8 5 8 14 19 22 24 24 22 20 17 13 10 8 4 0 2 3 3 3 2 2 3 3 3 2 1 0 1 2 2 3 3 4 4 4 4 4 4 3 2 2 1 1 0 0 1 2 3 2 2 2 2 2 2 2 2 1 1 2 2 2 2 1 1 1 1 -9999 -9999 -9999 -9999 -9999 -9999 -9999 -9999 -9999 -9999 -9999 -9999 -9999 -9999 -9999 -9999 -9999 -9999 -9999 -9999 -9999 -9999
19 18 16 15 11 7 5 9 14 19 22 23 23 22 21 18 14 11 8 5 0 2 3 3 2 2 3 4 4 4 3 2 1 0 1 2 2 3 4 4 4 5 5 5 4 3 2 2 1 1 0 0 1 2 2 2 2 1 1 1 1 1 1 1 1 2 2 1 1 1 1 -9999 -9999 -9999 -9999 -9999 -9999 -9999 -9999 -9999 -9999 -9999 -9999 -9999 -9999 -9999 -9999 -9999 -9999 -9999 -9999 -9999 -9999 -9999
18 17 16 14 10 6 6 10 15 18 21 22 23 23 21 19 15 11 9 6 1 2 2 2 2 3 4 4 4 3 3 3 3 2 1 1 2 3 3 3 4 4 5 5 4 3 3 2 2 1 1 0 1 2 2 2 2 1 1 1 1 1 1 1 1 1 1 1 1 1 1 -9999 -9999 -9999 -9999 -9999 -9999 -9999 -9999 -9999 -9999 -9999 -9999 -9999 -9999 -9999 -9999 -9999 -9999 -9999 -9999 -9999 -9999 -9999
17 16 15 13 9 5 6 12 16 18 19 21 22 23 22 20 16 12 9 6 2 1 2 2 2 2 3 3 3 2 2 3 3 3 2 1 1 1 2 2 2 3 4 5 5 3 3 2 2 1 1 1 1 1 2 2 2 1 1 1 1 1 1 1 1 1 1 1 1 1 -9999 -9999 -9999 -9999 -9999 -9999 -9999 -9999 -9999 -9999 -9999 -9999 -9999 -9999 -9999 -9999 -9999 -9999 -9999 -9999 -9999 -9999 -9999 -9999
18 16 15 13 9 2 5 12 17 18 18 19 21 22 23 21 17 13 9 6 3 1 2 2 2 2 2 2 2 1 2 3 3 3 2 2 1 0 0 0 1 2 4 5 5 4 3 2 2 2 1 1 1 1 1 1 1 1 1 1 1 1 1 1 1 1 1 1 2 1 -9999 -9999 -9999 -9999 -9999 -9999 -9999 -9999 -9999 -9999 -9999 -9999 -9999 -9999 -9999 -9999 -9999 -9999 -9999 -9999 -9999 -9999 -9999 -9999
20 19 17 15 11 6 4 12 17 18 18 18 19 21 23 23 19 15 10 6 3 1 2 2 2 2 2 2 2 2 2 3 4 3 3 2 2 2 1 1 2 3 5 6 6 4 3 3 2 2 2 2 1 1 1 1 1 1 1 1 1 0 1 1 1 1 1 1 2 2 -9999 -9999 -9999 -9999 -9999 -9999 -9999 -9999 -9999 -9999 -9999 -9999 -9999 -9999 -9999 -9999 -9999 -9999 -9999 -9999 -9999 -9999 -9999 -9999
24 23 21 20 16 12 7 10 15 17 17 17 18 21 23 24 21 16 11 7 4 2 2 3 3 3 3 3 3 3 3 4 4 4 3 3 4 4 4 4 4 5 6 7 6 5 4 3 2 2 2 2 1 0 1 1 1 1 1 1 1 0 0 1 1 1 1 2 2 -9999 -9999 -9999 -9999 -9999 -9999 -9999 -9999 -9999 -9999 -9999 -9999 -9999 -9999 -9999 -9999 -9999 -9999 -9999 -9999 -9999 -9999 -9999 -9999 -9999
27 26 25 24 21 17 11 8 11 15 16 17 19 21 24 25 23 18 12 7 4 2 1 2 3 3 4 4 4 3 4 5 5 5 4 5 5 6 6 6 6 7 7 7 6 4 3 2 2 2 2 1 1 0 0 0 1 1 1 1 1 0 1 1 1 1 2 3 2 -9999 -9999 -9999 -9999 -9999 -9999 -9999 -9999 -9999 -9999 -9999 -9999 -9999 -9999 -9999 -9999 -9999 -9999 -9999 -9999 -9999 -9999 -9999 -9999 -9999
28 27 27 26 25 21 16 10 7 10 14 16 19 22 25 26 24 19 12 6 3 1 1 1 2 3 3 3 3 3 4 5 6 6 5 5 5 6 6 7 7 7 7 6 5 3 3 2 2 2 1 1 1 0 0 0 0 1 1 1 1 1 1 1 1 1 2 3 2 -9999 -9999 -9999 -9999 -9999 -9999 -9999 -9999 -9999 -9999 -9999 -9999 -9999 -9999 -9999 -9999 -9999 -9999 -9999 -9999 -9999 -9999 -9999 -9999 -9999
27 27 27 27 26 24 21 15 10 9 11 15 19 23 26 27 24 19 12 6 2 1 1 1 2 2 2 1 1 1 2 3 5 6 5 4 4 5 5 6 6 6 6 5 3 3 2 2 2 2 2 1 1 0 0 0 1 1 1 1 1 1 1 1 1 1 2 2 -9999 -9999 -9999 -9999 -9999 -9999 -9999 -9999 -9999 -9999 -9999 -9999 -9999 -9999 -9999 -9999 -9999 -9999 -9999 -9999 -9999 -9999 -9999 -9999 -9999 -9999
26 26 27 27 27 26 24 20 17 14 14 17 21 25 27 27 24 18 11 4 2 1 0 0 1 1 1 2 1 1 0 0 2 4 5 4 4 4 4 4 5 5 4 3 3 2 2 2 2 2 2 1 1 1 0 0 1 1 1 1 1 1 1 1 0 1 2 1 -9999 -9999 -9999 -9999 -9999 -9999 -9999 -9999 -9999 -9999 -9999 -9999 -9999 -9999 -9999 -9999 -9999 -9999 -9999 -9999 -9999 -9999 -9999 -9999 -9999 -9999
22 24 25 26 26 26 25 23 21 19 18 20 23 26 27 25 21 15 9 4 4 5 6 6 6 6 6 5 4 3 2 2 0 0 2 3 3 4 4 4 4 3 3 2 2 2 2 2 2 2 2 1 1 1 1 1 1 1 1 1 1 1 1 1 1 1 1 1 -9999 -9999 -9999 -9999 -9999 -9999 -9999 -9999 -9999 -9999 -9999 -9999 -9999 -9999 -9999 -9999 -9999 -9999 -9999 -9999 -9999 -9999 -9999 -9999 -9999 -9999
18 19 21 23 24 24 24 22 21 19 19 21 24 26 25 22 17 11 8 8 9 12 13 14 14 13 12 10 8 6 5 4 4 2 1 0 1 1 2 2 2 2 2 2 2 2 2 2 2 2 2 2 2 1 1 1 1 -9999 -9999 2 2 1 1 1 1 1 1 -9999 -9999 -9999 -9999 -9999 -9999 -9999 -9999 -9999 -9999 -9999 -9999 -9999 -9999 -9999 -9999 -9999 -9999 -9999 -9999 -9999 -9999 -9999 -9999 -9999 -9999 -9999
14 15 17 19 20 21 21 19 18 17 18 20 22 24 22 17 11 7 8 12 15 18 19 20 20 19 18 16 13 11 9 7 6 5 4 3 2 1 1 1 1 1 2 1 1 2 2 2 1 1 1 1 1 1 1 1 1 2 -9999 -9999 1 1 1 1 1 1 1 -9999 -9999 -9999 -9999 -9999 -9999 -9999 -9999 -9999 -9999 -9999 -9999 -9999 -9999 -9999 -9999 -9999 -9999 -9999 -9999 -9999 -9999 -9999 -9999 -9999 -9999 -9999
12 12 14 16 17 18 17 16 14 14 15 18 20 20 17 11 7 7 11 16 20 22 23 24 25 24 23 22 19 16 13 10 8 7 5 4 3 3 2 1 1 1 1 1 1 1 1 1 1 0 0 1 1 1 0 0 1 1 1 -9999 1 1 1 1 1 1 -9999 -9999 -9999 -9999 -9999 -9999 -9999 -9999 -9999 -9999 -9999 -9999 -9999 -9999 -9999 -9999 -9999 -9999 -9999 -9999 -9999 -9999 -9999 -9999 -9999 -9999 -9999 -9999
10 11 12 14 15 15 15 13 11 10 12 15 16 15 11 7 5 8 14 18 21 23 25 26 26 27 27 26 23 20 17 14 12 10 8 6 5 4 3 3 3 2 2 2 2 2 2 1 1 0 -9999 -9999 -9999 -9999 -9999 0 -9999 -9999 -9999 -9999 0 0 1 1 1 1 -9999 -9999 -9999 -9999 -9999 -9999 -9999 -9999 -9999 -9999 -9999 -9999 -9999 -9999 -9999 -9999 -9999 -9999 -9999 -9999 -9999 -9999 -9999 -9999 -9999 -9999 -9999 -9999
9 10 11 12 13 13 13 11 9 8 10 11 12 11 8 4 6 10 16 19 21 22 23 24 25 26 26 27 26 24 21 18 15 13 11 9 8 6 5 4 4 4 4 3 3 3 2 2 2 1 -9999 -9999 -9999 -9999 -9999 -9999 -9999 -9999 -9999 -9999 0 0 0 1 1 -9999 -9999 -9999 -9999 -9999 -9999 -9999 -9999 -9999 -9999 -9999 -9999 -9999 -9999 -9999 -9999 -9999 -9999 -9999 -9999 -9999 -9999 -9999 -9999 -9999 -9999 -9999 -9999 -9999
8 10 11 12 12 12 11 10 7 6 7 8 9 8 6 5 7 12 16 19 19 20 20 20 21 22 24 25 26 25 23 21 18 16 14 12 11 9 7 6 5 4 4 4 4 3 3 3 2 1 1 -9999 -9999 -9999 -9999 -9999 -9999 -9999 -9999 -9999 0 0 0 0 -9999 -9999 -9999 -9999 -9999 -9999 -9999 -9999 -9999 -9999 -9999 -9999 -9999 -9999 -9999 -9999 -9999 -9999 -9999 -9999 -9999 -9999 -9999 -9999 -9999 -9999 -9999 -9999 -9999 -9999
