Sardinia/Input files/SaCurcurica/sacu_slp_5k.txt
ncols         404
nrows         401
xllcorner     4297873.4253069
yllcorner     1923781.1087337
cellsize      25
NODATA_value  -9999
[rows 84 to 125 of 401, columns 0 to 93 of 404]
-9999 -9999 -9999 -9999 -9999 -9999 -9999 -9999 -9999 -9999 -9999 -9999 -9999 -9999 -9999 -9999 -9999 -9999 -9999 -9999 -9999 -9999 -9999 -9999 -9999 -9999 -9999 -9999 -9999 -9999 -9999 -9999 -9999 -9999 -9999 -9999 -9999 -9999 -9999 11 14 17 19 18 17 15 14 13 12 10 9 9 10 11 10 9 6 6 11 16 19 20 20 19 19 18 17 16 17 18 19 20 20 20 19 18 16 15 14 15 17 18 18 16 13 10 8 8 9 10 10 10 10 11
-9999 -9999 -9999 -9999 -9999 -9999 -9999 -9999 -9999 -9999 -9999 -9999 -9999 -9999 -9999 -9999 -9999 -9999 -9999 -9999 -9999 -9999 -9999 -9999 -9999 -9999 -9999 -9999 -9999 -9999 -9999 -9999 -9999 -9999 -9999 -9999 -9999 -9999 9 10 13 16 18 17 15 14 12 11 11 10 10 10 10 11 11 9 7 7 11 16 19 20 21 22 21 20 19 19 19 21 22 22 23 22 22 21 19 18 17 17 18 19 18 16 13 10 8 8 8 9 9 8 9 9
-9999 -9999 -9999 -9999 -9999 -9999 -9999 -9999 -9999 -9999 -9999 -9999 -9999 -9999 -9999 -9999 -9999 -9999 -9999 -9999 -9999 -9999 -9999 -9999 -9999 -9999 -9999 -9999 -9999 -9999 -9999 -9999 -9999 -9999 -9999 -9999 -9999 -9999 8 9 12 15 16 16 15 13 12 11 10 10 10 10 10 11 11 10 8 7 10 14 18 20 22 23 23 23 22 21 21 22 22 23 23 23 22 22 21 20 19 19 19 18 18 16 13 10 7 6 6 7 7 6 7 8
-9999 -9999 -9999 -9999 -9999 -9999 -9999 -9999 -9999 -9999 -9999 -9999 -9999 -9999 -9999 -9999 -9999 -9999 -9999 -9999 -9999 -9999 -9999 -9999 -9999 -9999 -9999 -9999 -9999 -9999 -9999 -9999 -9999 -9999 -9999 -9999 -9999 7 6 8 12 15 16 15 14 13 11 10 10 10 11 11 10 11 12 11 8 7 9 12 16 18 21 22 24 24 24 23 22 22 22 22 22 21 21 21 21 21 20 20 20 18 17 16 13 9 6 4 4 5 5 5 7 8
-9999 -9999 -9999 -9999 -9999 -9999 -9999 -9999 -9999 -9999 -9999 -9999 -9999 -9999 -9999 -9999 -9999 -9999 -9999 -9999 -9999 -9999 -9999 -9999 -9999 -9999 -9999 -9999 -9999 -9999 -9999 -9999 -9999 -9999 -9999 -9999 8 7 6 7 10 14 16 16 14 12 10 8 8 10 11 12 12 12 12 11 7 5 6 9 13 16 19 21 23 24 24 23 22 21 20 20 19 19 18 19 19 20 21 22 21 19 17 16 13 9 5 2 2 3 4 6 8 10
-9999 -9999 -9999 -9999 -9999 -9999 -9999 -9999 -9999 -9999 -9999 -9999 -9999 -9999 -9999 -9999 -9999 -9999 -9999 -9999 -9999 -9999 -9999 -9999 -9999 -9999 -9999 -9999 -9999 -9999 -9999 -9999 -9999 -9999 -9999 -9999 8 6 5 6 9 13 16 16 13 11 8 7 7 9 12 14 14 14 13 11 7 3 3 6 9 12 16 19 22 23 24 23 22 20 19 18 17 17 17 17 18 19 20 22 21 19 17 16 13 10 6 1 1 3 5 7 10 12
-9999 -9999 -9999 -9999 -9999 -9999 -9999 -9999 -9999 -9999 -9999 -9999 -9999 -9999 -9999 -9999 -9999 -9999 -9999 -9999 -9999 -9999 -9999 -9999 -9999 -9999 -9999 -9999 -9999 -9999 -9999 -9999 -9999 -9999 -9999 9 8 6 5 5 8 12 16 16 13 10 7 6 8 10 13 15 16 15 15 14 10 6 2 2 5 9 12 15 19 21 22 22 20 18 17 16 16 17 17 17 18 19 20 21 21 20 18 16 14 11 7 2 1 4 6 9 13 15
-9999 -9999 -9999 -9999 -9999 -9999 -9999 -9999 -9999 -9999 -9999 -9999 -9999 -9999 -9999 -9999 -9999 -9999 -9999 -9999 -9999 -9999 -9999 -9999 -9999 -9999 -9999 -9999 -9999 -9999 -9999 -9999 -9999 -9999 10 9 8 6 4 4 6 11 14 15 13 11 8 8 9 11 13 16 17 17 17 16 14 10 6 3 2 5 7 11 14 17 19 19 18 17 15 14 15 16 17 18 19 19 19 20 21 21 19 17 15 12 8 5 4 6 8 10 14 17
-9999 -9999 -9999 -9999 -9999 -9999 -9999 -9999 -9999 -9999 -9999 -9999 -9999 -9999 -9999 -9999 -9999 -9999 -9999 -9999 -9999 -9999 -9999 -9999 -9999 -9999 -9999 -9999 -9999 -9999 -9999 -9999 -9999 -9999 10 9 7 5 3 2 5 8 12 14 14 13 11 11 12 12 14 16 17 18 19 19 17 14 11 7 5 4 4 6 9 12 15 17 17 15 14 13 13 15 17 18 19 19 18 19 20 21 20 17 15 12 10 9 9 10 9 9 13 18
-9999 -9999 -9999 -9999 -9999 -9999 -9999 -9999 -9999 -9999 -9999 -9999 -9999 -9999 -9999 -9999 -9999 -9999 -9999 -9999 -9999 -9999 -9999 -9999 -9999 -9999 -9999 -9999 -9999 -9999 -9999 -9999 -9999 9 9 9 7 5 3 0 3 6 10 13 14 14 14 14 13 14 15 16 17 18 19 20 19 17 15 12 9 7 5 4 5 8 11 14 15 15 14 13 13 14 15 17 19 20 18 18 19 21 20 17 14 12 12 12 13 12 10 9 11 18
-9999 -9999 -9999 -9999 -9999 -9999 -9999 -9999 -9999 -9999 -9999 -9999 -9999 -9999 -9999 -9999 -9999 -9999 -9999 -9999 -9999 -9999 -9999 -9999 -9999 -9999 -9999 -9999 -9999 -9999 -9999 -9999 8 9 9 8 7 5 3 0 2 4 7 10 12 14 14 14 13 14 15 16 17 18 19 19 19 18 17 15 13 11 8 4 1 5 10 14 15 15 14 14 13 13 14 15 18 19 19 18 19 19 19 16 13 11 12 14 15 14 12 10 11 18
-9999 -9999 -9999 -9999 -9999 -9999 -9999 -9999 -9999 -9999 -9999 -9999 -9999 -9999 -9999 -9999 -9999 -9999 -9999 -9999 -9999 -9999 -9999 -9999 -9999 -9999 -9999 -9999 -9999 -9999 -9999 -9999 9 9 9 8 7 5 3 1 1 2 4 7 10 11 12 11 12 13 14 14 15 16 18 18 18 18 18 16 15 13 10 6 0 5 10 14 15 16 15 15 14 13 13 14 17 19 19 19 19 18 16 13 10 8 10 12 14 14 14 14 14 18
-9999 -9999 -9999 -9999 -9999 -9999 -9999 -9999 -9999 -9999 -9999 -9999 -9999 -9999 -9999 -9999 -9999 -9999 -9999 -9999 -9999 -9999 -9999 -9999 -9999 -9999 -9999 -9999 -9999 -9999 -9999 9 10 10 10 8 7 5 3 1 0 1 2 4 6 8 8 9 9 10 12 13 14 15 16 17 17 18 18 17 16 14 11 7 1 5 10 14 15 16 16 16 14 12 12 15 18 20 20 21 20 18 15 11 6 3 6 9 11 13 16 17 17 17
-9999 -9999 -9999 -9999 -9999 -9999 -9999 -9999 -9999 -9999 -9999 -9999 -9999 -9999 -9999 -9999 -9999 -9999 -9999 -9999 -9999 -9999 -9999 -9999 -9999 -9999 -9999 -9999 -9999 -9999 9 10 11 11 10 8 7 5 3 2 1 0 1 1 2 4 5 7 7 8 9 11 12 13 14 15 16 18 18 18 17 15 12 7 1 4 10 13 15 16 17 16 14 13 13 16 20 22 22 23 21 19 14 10 5 1 5 8 10 13 16 18 18 17
-9999 -9999 -9999 -9999 -9999 -9999 -9999 -9999 -9999 -9999 -9999 -9999 -9999 -9999 -9999 -9999 -9999 -9999 -9999 -9999 -9999 -9999 -9999 -9999 -9999 -9999 -9999 -9999 -9999 -9999 9 10 12 12 11 9 7 6 4 3 2 1 0 0 0 2 4 5 5 6 7 9 11 12 12 13 16 18 19 18 17 15 12 7 2 3 8 12 14 16 18 17 15 15 16 19 22 24 24 24 22 19 15 11 8 6 8 11 13 16 17 17 17 17
-9999 -9999 -9999 -9999 -9999 -9999 -9999 -9999 -9999 -9999 -9999 -9999 -9999 -9999 -9999 -9999 -9999 -9999 -9999 -9999 -9999 -9999 -9999 -9999 -9999 -9999 -9999 -9999 -9999 5 8 10 12 13 12 11 9 8 6 4 3 2 1 0 0 2 4 5 4 5 6 8 10 11 11 13 16 18 18 18 17 15 11 7 3 2 6 10 12 16 18 19 18 18 19 21 23 25 24 24 23 20 16 13 12 11 13 17 19 20 19 16 15 16
-9999 -9999 -9999 -9999 -9999 -9999 -9999 -9999 -9999 -9999 -9999 -9999 -9999 -9999 -9999 -9999 -9999 -9999 -9999 -9999 -9999 -9999 -9999 -9999 -9999 -9999 -9999 -9999 -9999 4 7 10 12 13 13 12 11 10 8 6 5 3 2 1 1 2 4 4 4 5 6 8 10 11 12 14 17 19 18 18 16 14 10 7 4 2 3 7 11 14 18 20 20 20 21 23 25 25 25 25 24 21 17 15 14 14 18 24 25 23 19 15 15 16
-9999 -9999 -9999 -9999 -9999 -9999 -9999 -9999 -9999 -9999 -9999 -9999 -9999 -9999 -9999 -9999 -9999 -9999 -9999 -9999 -9999 -9999 -9999 -9999 -9999 -9999 -9999 -9999 1 3 6 9 11 13 14 14 13 12 10 9 7 5 4 3 2 3 4 5 5 6 7 9 11 12 13 16 19 20 18 17 15 11 8 6 4 2 2 6 10 13 17 20 22 23 23 25 26 26 27 28 28 24 18 14 12 14 23 29 28 26 19 14 15 17
-9999 -9999 -9999 -9999 -9999 -9999 -9999 -9999 -9999 -9999 -9999 -9999 -9999 -9999 -9999 -9999 -9999 -9999 -9999 -9999 -9999 -9999 -9999 -9999 -9999 -9999 -9999 -9999 1 1 4 8 10 12 13 14 14 13 12 11 9 7 6 5 4 4 6 6 6 7 8 10 11 12 14 18 21 21 18 15 13 9 6 5 5 5 5 7 10 13 16 20 22 24 25 26 27 27 29 31 32 28 18 9 4 13 26 29 28 28 20 9 11 16
-9999 -9999 -9999 -9999 -9999 -9999 -9999 -9999 -9999 -9999 -9999 -9999 -9999 -9999 -9999 -9999 -9999 -9999 -9999 -9999 -9999 -9999 -9999 -9999 -9999 -9999 -9999 3 2 1 2 6 8 10 12 14 14 13 13 12 10 9 8 8 6 6 7 7 7 7 8 10 11 13 15 19 22 21 17 14 11 8 7 7 8 9 8 8 10 13 16 19 22 24 26 27 27 28 30 33 35 31 23 14 11 19 25 25 28 29 22 9 6 13
-9999 -9999 -9999 -9999 -9999 -9999 -9999 -9999 -9999 -9999 -9999 -9999 -9999 -9999 -9999 -9999 -9999 -9999 -9999 -9999 -9999 -9999 -9999 -9999 -9999 -9999 4 4 3 2 1 4 6 8 10 12 13 13 13 13 11 10 10 9 8 7 8 8 7 8 9 11 12 13 16 20 22 21 16 13 11 9 10 11 12 11 10 9 10 13 15 18 21 24 26 27 28 29 31 33 35 34 30 26 24 25 23 20 25 27 21 13 10 14
-9999 -9999 -9999 -9999 -9999 -9999 -9999 -9999 -9999 -9999 -9999 -9999 -9999 -9999 -9999 -9999 -9999 -9999 -9999 -9999 -9999 -9999 -9999 -9999 -9999 -9999 4 4 4 3 2 2 4 6 8 9 11 12 13 13 12 11 10 10 9 8 8 8 7 8 9 11 13 14 17 20 21 20 16 13 11 11 13 14 14 13 11 10 10 13 15 18 20 23 26 28 29 30 31 32 33 34 34 33 30 26 21 18 21 22 18 14 13 15
-9999 -9999 -9999 -9999 -9999 -9999 -9999 -9999 -9999 -9999 -9999 -9999 -9999 -9999 -9999 -9999 -9999 -9999 -9999 -9999 -9999 -9999 -9999 -9999 -9999 3 4 5 5 4 4 2 3 5 6 8 10 11 12 12 12 11 10 10 9 9 8 7 7 8 10 12 13 15 16 18 20 18 16 13 12 13 14 14 14 12 11 10 11 13 15 18 20 23 26 29 30 32 32 31 31 32 32 32 30 25 19 15 15 16 15 14 14 15
-9999 -9999 -9999 -9999 -9999 -9999 -9999 -9999 -9999 -9999 -9999 -9999 -9999 -9999 -9999 -9999 -9999 -9999 -9999 -9999 -9999 -9999 -9999 -9999 -9999 2 4 5 6 5 4 3 2 4 6 8 9 11 12 12 12 12 11 10 9 9 8 7 7 8 10 12 13 14 15 17 18 17 16 15 14 13 14 13 12 11 11 11 12 13 15 17 20 22 26 29 31 33 34 32 30 30 29 28 26 22 17 13 10 11 13 13 13 14
-9999 -9999 -9999 -9999 -9999 -9999 -9999 -9999 -9999 -9999 -9999 -9999 -9999 -9999 -9999 -9999 -9999 -9999 -9999 -9999 -9999 -9999 -9999 -9999 2 2 4 6 7 6 5 4 3 4 6 8 10 11 13 13 13 13 12 11 10 9 9 8 8 9 10 11 13 14 14 15 16 17 17 16 15 14 13 12 11 10 10 10 11 13 15 17 19 21 24 27 30 33 34 33 31 29 27 25 23 21 17 14 11 11 13 13 13 13
-9999 -9999 -9999 -9999 -9999 -9999 -9999 -9999 -9999 -9999 -9999 -9999 -9999 -9999 -9999 -9999 -9999 -9999 -9999 -9999 -9999 -9999 -9999 -9999 3 4 6 8 8 7 5 5 4 4 6 8 10 12 13 14 14 15 14 14 13 11 11 10 10 10 10 11 13 14 14 14 15 16 16 16 15 14 13 12 10 9 8 8 10 12 13 15 16 18 21 24 27 31 33 33 31 29 27 26 25 23 21 19 16 15 14 13 12 11
-9999 -9999 -9999 -9999 -9999 -9999 -9999 -9999 -9999 -9999 -9999 -9999 -9999 -9999 -9999 -9999 -9999 -9999 -9999 -9999 -9999 -9999 -9999 8 5 6 8 9 8 7 6 5 4 4 5 7 9 11 13 15 16 17 17 17 16 15 14 13 12 11 11 12 13 14 14 14 14 15 15 15 15 15 14 12 11 9 7 6 7 9 11 12 13 16 18 21 23 27 30 31 30 29 28 28 28 27 25 24 21 18 15 12 10 8
-9999 -9999 -9999 -9999 -9999 -9999 -9999 -9999 -9999 -9999 -9999 -9999 -9999 -9999 -9999 -9999 -9999 -9999 -9999 -9999 -9999 -9999 -9999 9 8 8 10 10 8 7 6 5 4 5 5 6 7 9 11 13 16 18 20 20 20 18 17 15 14 13 13 13 14 14 15 14 14 14 14 14 14 14 14 13 11 9 6 4 4 6 8 9 11 13 16 18 20 23 27 29 29 29 28 29 29 29 28 26 23 19 15 10 6 5
-9999 -9999 -9999 -9999 -9999 -9999 -9999 -9999 -9999 -9999 -9999 -9999 -9999 -9999 -9999 -9999 -9999 -9999 -9999 -9999 -9999 -9999 7 10 9 10 11 10 8 7 6 6 5 5 5 5 5 6 8 11 14 17 20 21 21 20 19 17 16 15 15 15 16 16 16 16 15 13 12 12 13 14 14 13 12 9 6 3 1 4 6 7 9 11 13 15 17 20 24 26 28 28 28 29 29 28 27 25 23 18 13 8 3 1
-9999 -9999 -9999 -9999 -9999 -9999 -9999 -9999 -9999 -9999 -9999 -9999 -9999 -9999 -9999 -9999 -9999 -9999 -9999 -9999 -9999 -9999 7 10 10 11 12 10 9 8 7 7 7 6 6 5 5 5 7 10 12 15 18 19 21 21 20 19 18 18 18 18 18 18 18 17 15 13 11 11 11 12 13 13 12 10 7 5 2 2 5 7 8 9 10 12 14 18 21 24 25 26 27 27 27 26 25 23 20 17 12 7 4 4
-9999 -9999 -9999 -9999 -9999 -9999 -9999 -9999 -9999 -9999 -9999 -9999 -9999 -9999 -9999 -9999 -9999 -9999 -9999 -9999 -9999 3 8 10 11 12 12 11 9 7 7 8 8 8 7 6 5 5 7 9 11 13 15 17 18 20 20 20 20 20 20 20 20 20 20 18 15 13 11 10 10 11 11 12 11 10 8 6 3 0 5 8 8 8 7 8 11 15 18 20 22 23 24 24 24 24 22 21 19 17 13 10 8 8
-9999 -9999 -9999 -9999 -9999 -9999 -9999 -9999 -9999 -9999 -9999 -9999 -9999 -9999 -9999 -9999 -9999 -9999 -9999 -9999 -9999 4 8 11 12 13 13 11 9 7 7 7 8 8 8 7 7 7 8 10 11 11 12 13 15 17 18 19 19 20 20 21 21 21 20 18 16 13 11 10 8 8 9 10 11 10 8 7 5 1 4 8 8 7 6 6 8 11 14 17 18 20 21 21 22 22 22 21 21 19 16 13 11 10
-9999 -9999 -9999 -9999 -9999 -9999 -9999 -9999 -9999 -9999 -9999 -9999 -9999 -9999 -9999 -9999 -9999 -9999 -9999 -9999 2 4 9 11 12 13 12 11 10 8 7 7 8 8 9 9 9 9 9 10 11 10 10 11 12 14 15 16 17 18 19 20 20 19 18 16 15 13 11 9 7 6 7 8 10 10 9 7 5 3 2 7 8 7 5 5 7 9 12 14 15 16 18 19 20 21 23 23 23 21 18 15 13 11
-9999 -9999 -9999 -9999 -9999 -9999 -9999 -9999 -9999 -9999 -9999 -9999 -9999 -9999 -9999 -9999 -9999 -9999 -9999 -9999 3 6 10 12 13 13 12 11 10 9 9 8 8 8 9 10 10 9 9 10 10 10 9 9 10 11 12 13 14 15 17 18 18 17 16 15 13 12 10 8 6 5 5 6 8 9 9 8 6 4 1 6 7 7 6 6 6 8 10 12 13 14 15 17 18 21 24 25 25 23 20 17 14 11
-9999 -9999 -9999 -9999 -9999 -9999 -9999 -9999 -9999 -9999 -9999 -9999 -9999 -9999 -9999 -9999 -9999 -9999 -9999 7 5 7 11 13 14 13 11 11 11 11 10 9 8 8 9 9 9 8 8 8 9 9 8 8 8 9 9 10 12 14 15 16 16 15 13 12 12 11 10 8 6 4 3 5 7 8 10 9 7 4 1 5 7 6 6 5 6 7 8 10 11 12 13 15 17 20 24 27 27 26 22 18 14 12
-9999 -9999 -9999 -9999 -9999 -9999 -9999 -9999 -9999 -9999 -9999 -9999 -9999 -9999 -9999 -9999 -9999 -9999 -9999 8 7 9 12 14 14 13 11 11 11 12 12 11 9 8 8 8 8 7 6 7 8 8 7 6 6 6 7 9 10 12 13 13 13 12 11 10 10 9 8 8 6 4 3 3 6 8 9 9 8 5 1 4 5 5 5 4 4 5 6 8 10 11 13 14 16 19 23 27 29 28 24 20 15 12
-9999 -9999 -9999 -9999 -9999 -9999 -9999 -9999 -9999 -9999 -9999 -9999 -9999 -9999 -9999 -9999 -9999 -9999 11 8 8 11 14 15 14 13 11 11 11 13 13 12 10 8 7 7 7 7 6 6 7 7 7 6 4 5 6 7 9 10 11 11 10 9 9 8 7 7 7 7 6 5 3 3 5 8 9 9 7 5 2 2 4 4 4 3 3 4 5 7 9 11 12 13 15 18 22 26 29 29 26 21 16 13
-9999 -9999 -9999 -9999 -9999 -9999 -9999 -9999 -9999 -9999 -9999 -9999 -9999 -9999 -9999 -9999 -9999 -9999 12 9 10 14 16 16 14 13 11 10 11 13 14 14 11 9 7 6 7 8 8 8 8 8 7 5 4 4 5 7 8 9 10 9 8 7 7 6 5 5 6 6 6 5 3 2 5 8 9 8 7 5 2 0 2 4 4 2 2 3 4 6 8 10 13 14 15 17 21 25 29 31 28 23 17 13
-9999 -9999 -9999 -9999 -9999 -9999 -9999 -9999 -9999 -9999 -9999 -9999 -9999 -9999 -9999 -9999 -9999 -9999 12 10 12 16 18 18 15 13 11 10 10 12 14 15 13 11 9 7 9 10 11 10 10 9 7 6 5 5 5 6 7 9 9 8 6 5 4 4 4 4 5 5 5 4 3 2 3 8 9 8 6 4 3 1 0 3 4 3 2 3 4 5 8 10 13 14 15 16 19 24 29 31 30 25 19 15
-9999 -9999 -9999 -9999 -9999 -9999 -9999 -9999 -9999 -9999 -9999 -9999 -9999 -9999 -9999 -9999 -9999 14 12 11 13 17 20 19 16 14 11 10 10 12 14 15 14 13 11 10 10 11 12 13 12 10 8 7 6 5 5 6 7 8 8 6 5 4 3 2 3 4 5 6 5 4 2 2 2 7 10 8 6 4 2 1 2 2 4 3 3 4 5 6 8 11 13 15 15 16 19 23 28 31 30 26 20 16
-9999 -9999 -9999 -9999 -9999 -9999 -9999 -9999 -9999 -9999 -9999 -9999 -9999 -9999 -9999 -9999 -9999 13 11 12 14 18 21 20 17 14 11 9 10 12 14 15 15 15 14 12 11 11 12 13 13 11 9 8 7 6 5 5 7 7 7 5 4 3 2 2 2 3 5 6 6 3 1 1 2 6 10 9 6 3 2 2 3 2 4 4 5 5 6 7 8 11 14 16 16 17 19 22 27 31 30 27 21 18
-9999 -9999 -9999 -9999 -9999 -9999 -9999 -9999 -9999 -9999 -9999 -9999 -9999 -9999 -9999 -9999 14 11 9 11 15 19 21 21 18 14 11 9 10 12 14 16 16 16 15 14 11 10 10 11 11 11 10 8 7 6 5 5 7 7 6 5 4 3 3 3 3 3 5 7 6 3 1 2 3 6 10 9 6 3 2 2 4 3 4 5 6 7 7 8 9 12 15 17 18 18 20 22 27 30 30 27 22 18
