Sardinia/Input files/SaCurcurica/sacu_elev.txt
ncols         404
nrows         401
xllcorner     4297873.4253069
yllcorner     1923781.1087337
cellsize      25
NODATA_value  -9999
[rows 120 to 159 of 401, columns 89 to 177 of 404]
286 300 311 319 326 331 335 336 336 335 331 323 313 300 285 271 257 246 237 231 226 223 218 212 204 195 184 173 162 153 144 136 127 118 109 100 92 85 80 77 76 75 74 74 74 73 73 73 72 71 69 68 67 67 67 66 65 63 62 60 58 56 53 50 48 45 42 41 41 39 38 38 38 37 37 36 35 33 29 26 24 22 20 18 17 15 14 14 14
282 296 308 318 324 328 331 332 332 329 324 315 304 292 278 265 253 243 235 230 226 223 219 212 205 195 185 174 163 153 144 136 127 118 108 99 91 85 80 78 76 74 73 72 71 71 71 70 70 69 68 67 66 66 67 67 66 65 63 61 59 57 54 52 49 46 44 43 43 42 40 40 39 39 38 37 36 34 31 27 24 21 19 18 17 15 14 14 13
277 292 305 314 320 324 326 326 324 320 313 304 294 283 271 259 249 241 234 230 227 223 218 212 205 195 185 173 161 151 143 135 126 117 107 98 91 85 81 78 76 74 72 70 70 69 69 68 68 68 67 66 66 66 67 68 67 67 65 63 61 59 56 54 51 48 45 44 43 42 41 40 40 39 39 38 37 35 31 28 24 21 19 18 17 16 15 14 13
272 287 300 309 315 318 319 317 314 309 301 293 283 273 263 253 245 238 233 230 226 222 217 211 204 195 184 172 160 150 141 133 124 115 106 98 90 85 81 79 76 74 72 70 68 67 67 66 66 67 66 66 65 66 67 68 69 68 67 65 64 61 59 56 53 50 46 44 42 41 40 40 39 39 39 38 38 35 32 28 24 21 19 18 17 16 15 14 14
266 281 293 303 308 310 310 307 303 297 290 281 272 263 255 248 241 235 231 228 224 220 215 209 202 193 182 170 158 148 138 130 121 113 105 97 91 85 82 79 77 74 72 69 67 66 65 65 65 65 65 65 65 65 67 68 69 70 69 68 66 63 61 58 55 52 48 44 42 40 40 39 39 39 39 38 37 35 32 28 24 21 18 17 17 16 16 15 14
260 274 286 295 301 302 301 297 292 286 278 270 262 254 247 241 236 232 228 225 221 217 212 207 200 191 180 169 157 146 136 127 118 111 104 97 92 86 83 80 77 74 71 69 67 65 64 64 64 64 64 64 64 65 66 68 69 70 70 69 67 65 62 60 56 53 49 45 42 40 39 38 38 38 38 38 37 35 31 28 24 21 18 17 17 16 16 15 14
254 267 279 288 293 294 292 287 281 274 267 259 251 245 239 235 231 228 225 221 217 213 209 203 197 188 178 166 155 143 132 123 116 109 103 97 92 87 84 80 77 74 71 69 66 64 63 62 62 63 63 63 63 63 65 67 68 69 70 69 68 66 64 61 57 53 49 45 41 38 37 37 37 37 37 37 36 34 31 28 25 21 18 17 17 16 15 15 14
246 259 272 281 287 287 284 278 271 263 255 247 240 235 231 228 226 223 220 217 213 209 204 199 192 184 173 162 150 139 128 120 113 107 102 97 92 88 84 80 76 73 70 67 65 63 61 61 61 61 61 61 61 62 64 65 67 68 69 69 68 67 65 62 58 53 48 43 39 36 35 35 35 36 37 36 35 33 31 28 25 22 19 17 17 16 15 14 14
239 252 264 274 279 279 275 268 260 252 244 236 230 226 223 221 219 217 215 212 208 204 199 193 186 178 168 157 145 134 124 116 110 105 100 95 91 87 83 79 75 71 68 66 63 61 60 60 59 59 59 59 59 60 62 64 65 67 68 68 68 67 65 61 57 52 46 41 37 34 33 33 34 35 35 35 34 32 30 28 25 22 20 18 17 16 15 14 14
233 244 256 265 270 271 266 260 252 243 235 227 222 218 215 213 212 210 208 206 202 198 193 186 179 171 162 151 140 129 121 113 107 102 97 93 89 85 81 77 73 69 66 64 62 60 59 58 58 57 57 57 57 58 60 62 64 66 67 68 68 67 64 60 55 49 44 39 35 31 30 31 32 33 34 33 32 31 29 27 25 22 20 19 17 16 14 14 14
227 238 249 257 262 262 258 253 245 237 229 222 216 212 208 206 204 202 200 198 195 191 185 179 172 164 155 145 135 126 117 110 104 99 94 90 87 83 79 75 71 68 65 63 61 60 58 57 57 56 56 55 56 56 58 60 62 64 66 67 67 65 62 57 52 47 41 36 32 30 29 29 30 31 31 31 31 30 28 26 24 22 21 19 17 15 14 14 15
224 233 243 250 255 255 253 248 243 235 227 220 214 208 205 201 198 195 193 191 188 183 178 172 166 159 150 141 131 123 115 108 102 96 92 88 84 81 78 73 70 67 64 63 61 59 58 57 56 55 55 54 54 55 57 59 60 62 64 64 64 62 59 55 50 44 39 35 31 29 28 28 28 29 29 29 29 28 27 26 24 22 20 19 17 15 14 14 15
223 231 240 246 250 252 250 248 243 236 229 222 215 209 204 199 194 190 187 184 181 177 172 167 161 154 147 138 130 121 113 106 100 94 89 86 83 79 76 72 69 66 64 62 60 59 58 56 55 54 54 54 54 54 56 57 59 60 61 61 61 59 57 53 48 42 37 34 31 29 28 28 27 27 28 28 27 27 26 25 23 22 20 18 17 15 14 13 15
224 232 239 245 249 250 250 249 246 241 234 227 220 213 207 200 194 188 183 179 176 172 168 163 158 152 145 138 129 121 113 105 99 93 88 84 81 78 74 71 68 65 63 62 60 59 57 56 55 54 53 53 53 54 55 56 57 58 59 59 58 57 55 52 47 42 37 34 31 30 29 28 28 27 27 27 26 26 25 24 23 21 20 18 17 15 14 13 14
228 235 241 246 249 251 252 251 250 246 241 234 227 220 212 203 196 188 182 177 172 169 165 161 156 151 145 138 130 122 113 105 98 92 87 83 80 76 73 70 67 64 63 61 60 58 57 56 55 53 53 52 52 53 54 55 56 57 57 57 57 56 55 52 47 42 38 35 33 31 30 29 28 28 27 26 26 25 24 23 22 21 19 18 16 15 14 13 13
233 239 244 248 251 253 254 254 254 251 247 241 235 227 218 208 199 190 183 176 171 168 164 159 155 150 145 138 131 122 114 106 98 92 87 82 78 75 72 69 66 64 62 61 59 58 57 55 54 53 52 51 51 51 52 54 55 56 57 57 56 56 55 53 49 45 41 37 35 33 32 30 29 28 27 26 25 24 23 23 22 21 19 18 16 15 13 13 13
240 245 249 252 254 256 257 258 257 256 252 248 241 234 224 213 203 193 185 178 172 168 164 160 155 150 145 139 132 123 115 106 99 92 86 82 78 75 71 68 66 63 62 60 59 57 56 54 53 52 51 50 50 50 51 52 54 55 56 56 56 56 56 55 52 48 44 41 38 36 34 31 29 28 27 26 25 24 23 22 21 20 19 17 16 14 13 13 13
247 252 255 257 258 259 260 261 261 260 257 253 247 239 229 218 207 196 187 180 174 170 165 160 155 150 144 139 132 123 115 106 99 92 86 81 78 74 71 68 65 63 61 60 59 57 56 54 52 51 50 50 49 49 50 51 53 54 55 56 56 57 58 57 54 51 48 45 41 38 35 32 30 28 26 25 24 23 22 21 20 19 18 17 16 14 13 12 13
254 259 261 262 262 262 263 264 264 263 260 257 251 243 233 222 210 199 189 182 176 171 166 160 154 148 143 137 131 123 114 106 98 91 85 81 77 73 70 67 64 62 61 60 59 57 56 54 52 50 49 49 49 49 49 50 52 53 55 56 56 58 58 58 57 54 51 48 44 41 36 33 30 27 25 23 22 21 21 20 20 19 18 16 15 14 13 12 12
261 265 266 266 265 265 266 267 266 265 263 259 254 245 235 224 212 201 191 183 177 172 166 159 153 146 141 135 128 121 113 105 97 90 84 80 76 72 69 66 64 62 61 60 59 58 56 53 51 50 49 48 48 49 49 50 51 53 54 55 56 58 59 59 58 56 53 50 47 42 38 33 30 27 24 22 20 20 20 20 19 19 18 16 15 13 12 12 12
265 268 269 268 268 268 269 269 268 267 264 260 254 245 235 224 212 201 191 183 177 171 165 158 151 144 138 132 125 118 110 102 95 88 83 78 74 71 68 65 63 62 61 60 59 58 55 53 51 49 48 47 47 48 49 50 51 52 53 54 55 56 58 58 57 56 54 51 48 43 38 34 31 27 25 22 21 20 20 20 20 19 17 16 14 13 12 12 12
267 269 269 269 269 269 270 271 270 268 265 260 253 244 233 222 211 200 189 181 174 167 161 155 148 142 135 128 121 114 106 98 92 86 81 77 72 69 66 63 62 61 60 60 59 57 55 52 50 48 47 46 46 47 48 49 50 51 52 53 54 55 55 56 55 55 54 51 47 43 39 36 32 29 27 24 23 22 22 21 21 19 18 16 14 13 11 11 12
267 269 269 269 269 270 271 271 271 268 264 258 250 241 230 219 208 197 186 177 169 162 156 150 144 138 131 124 117 109 101 94 88 83 79 74 70 67 64 62 60 60 60 59 58 57 54 51 49 47 45 45 45 45 46 48 49 50 51 52 52 53 53 54 54 53 52 50 47 43 40 37 34 32 29 27 25 24 23 23 22 21 19 17 15 13 12 11 12
265 267 268 268 269 270 271 271 270 266 261 254 246 237 226 215 204 192 181 171 162 155 148 143 138 132 126 119 111 103 96 89 84 79 75 71 68 65 62 60 59 58 58 58 57 55 53 50 47 45 44 43 43 44 45 46 48 49 50 51 51 51 52 52 51 51 51 49 46 43 41 39 36 34 32 30 28 27 26 25 24 23 21 19 17 15 12 11 12
263 265 265 266 267 268 270 269 267 263 258 251 242 232 221 210 198 186 174 163 154 147 140 135 130 124 118 111 104 96 89 84 79 75 72 69 66 63 61 59 57 56 56 55 54 53 50 48 46 44 43 42 42 43 43 45 46 48 49 49 50 50 49 49 49 49 49 47 45 43 42 40 38 36 35 33 32 30 29 28 27 26 24 22 19 16 13 11 12
260 262 263 263 264 265 266 266 264 259 254 246 237 227 216 204 192 180 168 157 147 138 131 125 120 115 109 103 96 89 83 78 74 71 68 66 63 61 59 57 56 54 53 52 52 50 48 46 44 42 42 42 42 42 42 43 45 47 48 48 48 48 47 47 47 47 47 47 45 44 42 41 39 38 37 36 35 34 33 32 31 29 27 24 21 18 15 12 11
257 258 259 259 260 261 262 261 259 255 250 242 233 223 211 199 187 175 162 150 140 130 122 116 110 105 100 94 88 82 77 73 70 67 65 63 61 59 57 55 54 52 50 49 49 47 45 43 42 41 41 41 41 41 42 43 44 45 46 47 47 46 46 45 45 45 46 46 46 45 44 43 41 40 39 39 39 38 38 37 36 34 31 27 23 20 16 13 11
252 253 254 254 254 255 256 256 255 251 246 238 229 218 207 195 183 171 159 146 134 124 115 107 101 96 91 85 80 76 72 68 66 63 61 60 58 56 55 53 51 50 48 47 46 45 43 41 40 39 39 40 40 41 41 42 43 44 45 45 45 45 45 44 44 44 45 46 46 46 45 44 44 43 42 43 44 44 44 44 42 39 35 30 25 21 17 14 12
246 247 247 247 247 249 250 251 250 247 242 235 225 215 203 192 180 168 156 144 131 120 110 101 94 89 84 79 74 70 67 64 62 60 59 57 56 54 53 51 50 48 47 45 44 43 42 40 39 38 38 39 39 40 40 41 42 43 43 44 44 44 44 43 43 43 44 45 46 46 46 46 46 46 46 48 50 51 52 51 49 46 41 34 28 23 19 14 12
239 239 239 239 240 242 244 245 245 243 239 232 222 212 201 189 178 167 155 143 130 118 107 97 90 84 79 74 70 67 64 61 59 58 57 55 54 52 51 50 49 47 46 44 43 42 40 39 38 38 38 38 39 39 40 40 41 42 42 42 42 42 42 42 42 43 43 44 45 46 47 48 49 50 51 53 56 58 59 58 56 51 45 38 30 24 19 15 12
231 231 231 232 233 235 238 240 240 239 235 228 219 209 198 187 177 166 154 142 130 118 106 96 88 82 76 71 67 64 62 59 58 57 55 54 52 51 49 49 48 46 45 44 42 41 40 39 38 37 37 37 38 38 39 39 40 40 41 41 41 41 41 42 42 42 42 44 45 47 49 50 51 53 56 59 61 63 64 64 61 56 49 41 32 25 20 16 13
224 223 223 225 227 229 232 235 235 234 230 224 215 206 195 185 175 165 155 143 131 119 107 96 87 80 75 69 65 62 60 58 57 56 54 53 51 49 48 47 46 45 44 43 42 40 39 38 37 37 37 37 37 38 38 38 39 39 40 40 40 40 40 41 41 41 42 44 46 49 51 53 54 57 59 62 65 67 68 67 64 58 51 42 33 26 20 16 13
217 216 216 218 221 224 227 229 230 228 224 218 210 201 192 183 174 164 155 144 132 120 108 96 87 80 73 68 64 62 60 58 56 55 54 52 50 48 47 46 45 45 44 43 41 40 39 38 37 36 36 36 37 37 37 37 37 38 38 38 38 38 39 39 40 41 42 45 48 52 54 56 57 59 61 64 66 67 69 68 64 58 50 41 33 26 20 17 13
212 210 211 213 215 218 221 223 223 221 217 211 203 195 187 180 172 164 154 144 132 120 108 96 87 79 72 66 63 61 59 58 56 54 53 51 49 46 45 45 44 44 43 42 41 39 38 37 37 36 36 36 36 36 36 36 36 36 37 37 37 37 38 38 39 40 42 46 51 55 58 59 60 60 61 63 65 67 67 66 62 56 48 39 31 25 20 17 13
208 206 206 208 210 213 215 216 215 212 208 202 196 189 182 177 170 163 154 144 133 120 108 96 86 77 71 65 62 60 59 57 55 54 52 50 47 45 44 44 43 43 42 41 40 39 38 37 36 36 36 36 36 36 36 36 36 35 36 36 36 36 37 37 38 40 43 48 53 58 61 62 61 60 61 62 64 64 63 61 56 50 43 35 29 23 19 16 13
206 203 203 204 205 207 208 208 206 203 199 193 188 182 177 173 168 161 153 143 132 119 106 94 84 76 69 64 62 60 58 56 54 53 51 48 46 44 43 43 43 42 42 41 40 38 37 37 36 36 35 35 35 35 35 35 35 35 35 35 35 36 36 37 38 40 44 50 55 60 63 64 61 60 60 60 59 59 56 53 49 43 37 31 26 21 18 15 13
204 201 200 200 201 201 200 198 196 193 189 184 179 175 172 169 165 159 152 141 129 116 103 92 82 74 68 64 61 59 57 55 53 52 50 47 45 44 43 42 42 42 41 40 39 38 37 36 36 35 35 35 35 35 35 35 35 34 34 35 35 35 36 37 38 41 45 51 56 61 64 64 61 59 58 56 54 51 48 45 41 36 32 27 23 20 17 14 12
203 200 198 198 197 195 193 189 186 183 179 175 171 167 166 164 161 156 148 138 125 112 99 89 79 72 67 63 60 58 56 54 52 50 48 46 44 43 42 42 41 41 41 40 39 38 37 36 35 35 34 34 34 34 35 35 34 34 34 34 35 35 35 36 38 41 46 51 56 60 63 63 60 58 56 52 48 44 41 38 34 31 28 25 21 18 16 14 12
202 199 197 195 193 190 185 180 176 172 169 165 161 159 158 158 155 150 143 133 121 108 96 86 77 71 66 63 60 57 55 53 51 49 47 45 43 42 41 41 41 41 40 40 39 38 37 36 35 34 33 33 33 34 34 34 34 34 34 34 34 34 35 36 38 41 45 50 54 58 61 61 59 57 55 49 43 39 36 33 30 28 25 22 20 18 15 14 12
202 199 196 193 189 184 179 173 168 163 159 155 152 150 150 150 148 143 136 127 116 104 93 83 76 69 65 62 60 57 54 52 50 48 46 44 43 42 42 42 42 41 41 40 39 38 37 35 34 33 33 32 32 33 33 33 33 33 33 33 34 34 34 36 38 40 43 47 52 56 59 59 58 56 54 48 41 37 33 30 28 26 23 21 19 17 15 13 12
