Sardinia/Input files/SaCurcurica/sacu_elev.txt
ncols         404
nrows         401
xllcorner     4297873.4253069
yllcorner     1923781.1087337
cellsize      25
NODATA_value  -9999
[rows 120 to 159 of 401, columns 0 to 88 of 404]
-9999 -9999 -9999 -9999 -9999 -9999 -9999 -9999 -9999 -9999 -9999 -9999 -9999 -9999 -9999 -9999 -9999 -9999 322 324 323 320 314 307 300 294 288 283 278 273 267 261 256 252 249 248 248 249 249 248 246 243 240 237 235 235 235 234 232 230 227 224 222 220 218 217 217 217 218 220 222 223 224 224 222 218 214 210 206 203 201 201 202 204 205 206 207 207 209 211 213 217 221 227 232 239 248 259 272
-9999 -9999 -9999 -9999 -9999 -9999 -9999 -9999 -9999 -9999 -9999 -9999 -9999 -9999 -9999 -9999 -9999 -9999 327 328 327 322 315 307 300 294 289 284 279 274 267 261 255 250 247 245 245 245 246 245 243 241 238 236 234 233 232 231 229 226 223 220 218 216 215 214 214 215 216 217 219 221 222 222 221 218 214 210 206 203 201 201 201 203 204 205 206 206 207 208 211 214 219 224 230 237 245 255 267
-9999 -9999 -9999 -9999 -9999 -9999 -9999 -9999 -9999 -9999 -9999 -9999 -9999 -9999 -9999 -9999 -9999 -9999 333 333 330 325 317 308 301 294 289 284 280 275 268 262 255 250 245 242 241 241 241 241 240 238 236 234 233 231 230 228 226 223 220 217 215 214 212 212 212 212 214 215 218 220 221 221 221 218 213 209 206 204 202 201 201 201 203 204 205 205 206 206 208 211 216 222 228 234 242 251 262
-9999 -9999 -9999 -9999 -9999 -9999 -9999 -9999 -9999 -9999 -9999 -9999 -9999 -9999 -9999 -9999 -9999 337 338 337 334 328 319 310 302 295 289 285 280 276 270 263 256 249 244 239 237 235 235 235 235 233 232 231 231 229 228 226 224 221 218 215 213 212 211 210 210 211 212 214 217 219 220 220 220 219 214 209 206 204 202 202 201 200 202 203 204 204 204 204 205 209 213 219 225 231 238 246 258
-9999 -9999 -9999 -9999 -9999 -9999 -9999 -9999 -9999 -9999 -9999 -9999 -9999 -9999 -9999 -9999 -9999 343 344 342 337 331 321 312 303 296 290 285 281 276 270 263 256 249 243 237 233 230 229 229 229 228 228 228 228 227 226 225 222 219 216 214 212 211 210 210 209 209 210 213 216 218 219 219 219 219 214 209 206 204 202 202 201 199 200 202 202 201 201 201 202 205 210 215 221 227 234 242 252
-9999 -9999 -9999 -9999 -9999 -9999 -9999 -9999 -9999 -9999 -9999 -9999 -9999 -9999 -9999 -9999 347 349 349 346 341 333 323 313 303 296 290 286 282 277 271 265 257 249 242 235 229 226 224 223 223 223 224 224 224 224 224 223 221 218 215 212 211 210 209 208 208 208 209 212 216 218 218 218 218 217 213 208 205 203 202 202 200 198 198 199 199 199 198 198 199 201 205 210 216 222 229 237 247
-9999 -9999 -9999 -9999 -9999 -9999 -9999 -9999 -9999 -9999 -9999 -9999 -9999 -9999 -9999 -9999 353 353 352 348 342 333 323 313 303 296 291 287 283 278 272 266 258 250 242 234 228 223 220 218 218 218 219 220 221 221 221 221 219 216 213 211 209 208 208 207 206 207 209 212 216 218 218 217 217 215 211 207 204 203 202 201 199 197 196 196 196 195 194 194 194 196 199 204 210 216 223 232 241
-9999 -9999 -9999 -9999 -9999 -9999 -9999 -9999 -9999 -9999 -9999 -9999 -9999 -9999 -9999 354 356 355 353 349 342 333 322 312 303 296 291 287 283 279 273 267 259 251 243 235 228 222 218 216 216 216 216 217 218 218 219 218 216 214 211 209 207 206 205 205 205 206 208 212 215 217 217 216 216 213 209 206 204 202 201 200 198 195 194 193 193 191 191 190 190 192 194 199 204 210 217 225 235
-9999 -9999 -9999 -9999 -9999 -9999 -9999 -9999 -9999 -9999 -9999 -9999 -9999 -9999 -9999 355 356 355 352 348 341 331 321 312 303 296 291 287 283 279 273 267 259 252 244 236 229 223 219 216 215 215 214 215 215 216 216 215 213 211 209 206 205 204 203 203 204 205 208 211 214 215 215 215 214 211 208 206 203 202 201 199 197 194 192 190 189 188 187 187 187 189 191 194 199 204 211 218 228
-9999 -9999 -9999 -9999 -9999 -9999 -9999 -9999 -9999 -9999 -9999 -9999 -9999 -9999 -9999 353 354 353 350 345 338 329 319 310 302 295 290 286 282 278 272 267 260 253 245 238 230 224 220 217 215 214 213 212 213 213 213 212 210 208 205 203 202 201 201 202 203 205 207 210 213 214 214 214 212 209 207 204 202 201 199 198 195 192 189 187 186 186 185 185 186 187 189 191 195 200 206 213 222
-9999 -9999 -9999 -9999 -9999 -9999 -9999 -9999 -9999 -9999 -9999 -9999 -9999 -9999 347 351 351 349 346 341 335 326 317 309 301 294 289 284 280 276 271 265 259 253 246 239 232 226 221 217 215 212 211 210 210 210 210 209 207 205 202 200 199 199 200 200 202 204 206 209 211 213 213 212 210 208 205 202 200 199 197 196 193 190 187 185 184 184 184 185 185 187 188 190 193 197 203 209 217
-9999 -9999 -9999 -9999 -9999 -9999 -9999 -9999 -9999 -9999 -9999 -9999 -9999 -9999 344 347 347 344 341 337 331 323 315 307 300 293 287 283 278 273 268 263 258 252 246 240 234 228 223 218 215 211 209 208 207 207 207 206 204 202 199 197 197 197 198 199 200 202 205 208 210 211 212 211 209 206 202 199 197 195 194 193 191 189 186 183 182 183 184 184 185 187 188 190 192 196 202 208 215
-9999 -9999 -9999 -9999 -9999 -9999 -9999 -9999 -9999 -9999 -9999 -9999 -9999 -9999 339 342 342 340 338 334 328 321 314 307 300 293 287 281 276 270 265 260 255 250 244 239 234 229 224 219 214 211 208 206 205 205 204 203 201 199 197 196 195 196 196 197 198 200 203 207 209 210 210 209 206 203 199 196 193 192 191 190 188 187 184 183 182 183 184 185 186 187 189 190 193 197 202 208 215
-9999 -9999 -9999 -9999 -9999 -9999 -9999 -9999 -9999 -9999 -9999 -9999 -9999 329 334 337 337 336 334 331 326 319 313 307 300 294 287 281 274 267 261 256 251 246 241 237 233 229 224 219 215 210 207 205 204 203 202 201 199 197 195 194 194 194 194 195 197 199 202 205 207 208 208 206 203 200 196 192 190 188 187 187 186 184 183 183 183 183 184 185 187 188 189 191 195 199 205 211 217
-9999 -9999 -9999 -9999 -9999 -9999 -9999 -9999 -9999 -9999 -9999 -9999 -9999 325 329 332 333 332 331 328 324 318 313 307 302 295 289 281 273 265 258 252 247 242 238 235 232 228 224 219 215 211 207 205 203 202 200 199 197 195 194 193 193 193 193 195 196 198 200 204 206 206 205 203 200 196 192 189 187 185 184 183 183 182 182 183 183 184 185 186 188 189 191 194 198 203 208 215 221
-9999 -9999 -9999 -9999 -9999 -9999 -9999 -9999 -9999 -9999 -9999 -9999 -9999 322 326 329 329 329 327 325 321 317 312 308 303 297 290 282 273 264 256 249 244 239 235 233 231 227 223 219 216 212 208 205 203 201 199 198 196 194 193 192 192 192 193 194 196 197 199 202 204 204 203 201 197 193 189 186 184 182 181 181 181 181 182 183 184 185 186 187 189 192 194 197 202 207 213 220 227
-9999 -9999 -9999 -9999 -9999 -9999 -9999 -9999 -9999 -9999 -9999 -9999 315 320 324 326 326 325 324 321 318 315 312 308 304 298 290 281 272 263 254 246 241 237 234 231 229 226 223 220 217 213 209 206 204 202 200 198 196 194 192 191 191 191 192 194 195 196 198 200 202 202 201 199 195 191 187 183 181 180 179 179 180 181 182 184 185 186 188 189 192 195 198 201 206 212 219 226 233
-9999 -9999 -9999 -9999 -9999 -9999 -9999 -9999 -9999 -9999 -9999 -9999 315 320 323 325 325 323 321 318 316 314 311 308 303 296 288 280 270 261 252 244 239 235 232 230 228 226 223 220 217 214 210 208 206 203 201 198 196 194 192 190 190 190 192 194 195 196 197 199 200 200 199 197 193 189 185 181 179 178 178 178 179 180 182 184 187 189 190 192 195 199 202 206 210 216 224 233 241
-9999 -9999 -9999 -9999 -9999 -9999 -9999 -9999 -9999 -9999 -9999 -9999 317 321 324 325 324 321 319 317 314 312 310 306 301 294 285 277 268 259 250 243 238 234 231 229 227 225 223 221 218 215 212 209 207 205 203 200 196 193 191 190 189 189 191 193 195 196 196 198 198 198 197 194 191 187 183 180 177 177 177 178 178 180 182 185 188 191 193 195 199 203 206 210 215 221 230 240 248
-9999 -9999 -9999 -9999 -9999 -9999 -9999 -9999 -9999 -9999 -9999 316 320 323 324 325 323 320 317 315 313 311 308 304 298 290 282 273 265 256 248 241 236 232 229 227 225 224 223 221 219 216 213 211 209 207 204 201 197 194 191 189 188 188 189 192 194 195 195 196 196 196 195 192 189 185 181 178 177 176 176 177 178 180 183 186 189 193 195 198 202 206 210 215 220 227 236 246 255
-9999 -9999 -9999 -9999 -9999 -9999 -9999 -9999 -9999 -9999 -9999 320 324 326 326 325 323 319 317 315 313 310 307 301 295 287 278 269 261 252 245 238 233 229 227 225 223 222 222 221 219 217 214 212 210 208 205 202 199 194 191 188 187 187 188 190 192 193 194 194 194 194 192 190 187 184 180 177 176 176 176 176 178 180 184 187 191 194 198 202 205 210 214 219 226 234 243 252 259
-9999 -9999 -9999 -9999 -9999 -9999 -9999 -9999 -9999 -9999 -9999 324 327 328 328 326 323 319 316 314 312 309 304 299 292 284 275 266 257 249 241 235 230 227 224 222 221 221 221 220 219 217 215 212 210 208 206 203 199 195 191 188 186 186 186 188 190 191 192 192 192 191 190 188 185 182 179 176 175 175 175 176 178 181 185 188 192 196 200 204 208 212 218 224 231 239 247 255 262
-9999 -9999 -9999 -9999 -9999 -9999 -9999 -9999 -9999 -9999 323 328 330 331 330 328 324 320 317 314 311 307 303 297 289 281 272 263 254 246 238 232 227 224 221 219 219 219 219 218 217 216 214 212 209 208 206 203 200 195 190 187 185 184 185 186 187 188 189 190 189 189 188 186 183 180 177 175 174 174 175 176 178 182 186 190 194 198 202 206 210 214 220 227 234 242 249 256 262
-9999 -9999 -9999 -9999 -9999 -9999 -9999 -9999 -9999 -9999 326 330 332 333 332 329 325 321 318 314 310 306 301 295 288 280 271 262 253 244 237 231 225 221 218 216 217 217 218 217 216 214 212 210 208 207 205 203 200 196 190 186 183 182 183 184 185 186 187 187 187 186 185 183 181 178 176 174 173 174 175 177 180 183 188 192 196 199 203 207 210 214 220 227 235 242 250 256 261
-9999 -9999 -9999 -9999 -9999 -9999 -9999 -9999 -9999 -9999 328 331 333 333 332 330 326 321 318 314 309 305 300 294 287 279 271 262 254 245 237 231 225 220 217 215 215 216 216 215 214 212 210 208 207 205 204 202 199 196 191 186 183 181 182 183 184 184 184 184 184 183 182 180 178 176 174 173 173 173 175 178 181 185 189 193 197 200 204 207 210 214 219 226 234 241 249 255 260
-9999 -9999 -9999 -9999 -9999 -9999 -9999 -9999 -9999 323 327 330 331 331 330 328 325 321 317 314 309 304 299 294 287 280 272 264 256 248 240 233 227 222 218 216 216 216 215 214 212 210 208 206 204 203 202 200 198 197 194 188 184 182 181 182 182 182 182 182 181 180 179 177 175 174 173 171 172 173 175 178 182 186 190 195 198 201 204 207 209 212 217 224 232 239 246 252 257
-9999 -9999 -9999 -9999 -9999 -9999 -9999 -9999 -9999 321 325 327 328 328 327 325 323 320 317 313 309 305 300 295 289 282 275 268 260 252 244 237 230 225 221 218 217 216 215 213 210 208 205 203 201 200 199 198 196 196 196 192 188 184 182 181 181 180 180 179 178 177 176 174 173 172 171 170 171 172 175 179 183 187 192 196 199 202 204 206 208 211 216 222 229 236 243 249 254
-9999 -9999 -9999 -9999 -9999 -9999 -9999 -9999 -9999 317 321 323 324 324 323 321 320 318 316 313 310 306 301 296 291 285 278 272 264 257 249 241 235 229 225 222 219 217 215 211 208 205 202 200 198 197 197 196 195 195 195 194 191 186 183 181 180 180 179 178 176 175 174 172 171 170 170 169 170 172 175 180 184 189 193 197 200 202 204 206 208 210 214 220 226 233 239 245 249
-9999 -9999 -9999 -9999 -9999 -9999 -9999 -9999 308 312 315 318 319 320 319 318 317 317 316 314 312 308 303 298 293 288 281 275 268 261 254 246 239 233 229 225 221 218 214 210 206 203 199 197 195 194 194 194 194 193 194 194 191 187 184 182 181 180 178 177 175 173 172 171 170 169 169 169 170 172 176 181 186 191 195 199 202 204 205 207 208 210 214 218 223 230 235 240 243
-9999 -9999 -9999 -9999 -9999 -9999 -9999 -9999 302 306 310 312 314 315 315 315 316 316 315 314 313 309 305 300 295 290 283 277 271 265 258 251 244 238 232 227 222 217 213 209 205 202 198 195 193 192 192 193 193 193 193 192 191 188 185 184 182 180 179 177 174 172 170 169 168 168 168 169 170 173 177 182 188 193 197 201 203 205 207 208 209 211 214 217 222 227 231 235 237
-9999 -9999 -9999 -9999 -9999 -9999 -9999 -9999 295 299 303 307 309 310 311 312 313 314 314 314 313 310 307 302 297 291 285 279 273 267 261 254 248 241 235 228 222 217 212 208 205 201 197 194 192 190 190 191 192 193 193 192 190 188 187 185 183 181 179 176 174 171 169 168 167 167 167 168 171 174 179 184 189 194 199 203 205 207 208 209 211 212 214 217 221 224 228 230 231
-9999 -9999 -9999 -9999 -9999 -9999 -9999 -9999 288 293 297 300 303 305 307 308 310 312 312 313 312 310 307 303 298 292 286 280 274 269 263 257 250 244 237 229 222 217 212 209 205 202 198 195 192 190 189 189 190 191 192 191 190 189 187 185 184 181 178 175 173 170 168 167 166 166 167 168 171 174 179 184 190 195 200 203 206 207 209 210 211 212 213 217 220 222 224 226 225
-9999 -9999 -9999 -9999 -9999 -9999 -9999 277 281 286 290 294 298 301 303 305 307 309 310 311 311 310 307 302 297 292 286 280 274 269 264 258 252 245 238 230 223 218 214 210 207 204 200 196 193 190 188 187 188 189 190 190 190 189 187 185 183 180 177 174 171 169 167 166 165 165 166 167 170 174 178 184 190 195 200 203 206 208 209 210 211 211 213 216 219 221 221 221 220
-9999 -9999 -9999 -9999 -9999 -9999 -9999 269 274 279 283 287 292 295 298 301 304 306 308 309 310 308 305 302 297 291 285 279 274 269 264 259 252 246 239 232 225 220 216 213 210 206 203 199 195 192 188 186 186 187 188 189 189 188 186 184 182 179 176 173 170 168 167 165 164 164 165 166 169 173 177 183 189 194 199 203 206 208 209 210 211 211 212 215 218 219 219 218 215
-9999 -9999 -9999 -9999 -9999 -9999 -9999 260 266 271 276 280 285 289 293 297 300 303 306 307 308 307 304 300 296 290 284 279 274 269 264 259 253 246 240 233 228 223 219 216 214 210 207 203 198 194 190 187 185 185 186 187 187 187 185 183 180 177 174 172 169 168 166 165 164 163 164 165 168 172 177 182 188 194 198 202 205 207 209 210 211 211 212 215 218 219 217 215 212
-9999 -9999 -9999 -9999 -9999 -9999 -9999 250 256 262 268 273 278 283 288 292 296 300 303 305 306 305 303 300 295 289 283 278 273 269 263 258 253 247 241 235 231 227 224 221 218 215 212 207 202 197 192 188 185 184 184 184 185 185 183 181 178 175 173 170 169 167 166 164 163 163 163 164 167 172 177 182 188 193 198 201 204 207 209 210 211 212 213 215 218 219 216 212 209
-9999 -9999 -9999 -9999 -9999 -9999 234 239 246 253 259 265 271 276 282 288 292 296 300 302 303 303 301 299 295 289 283 278 273 268 263 257 253 247 242 238 234 231 229 226 223 221 217 212 206 200 194 189 186 184 183 183 182 182 181 178 176 173 171 169 168 167 165 164 163 163 163 164 167 172 177 183 189 194 198 201 204 206 208 210 211 212 214 216 218 218 215 210 207
-9999 -9999 -9999 -9999 -9999 -9999 223 229 235 243 250 257 264 270 277 283 288 292 296 299 300 300 300 298 295 289 283 278 273 267 262 257 253 248 244 241 238 236 233 231 229 226 222 217 211 204 197 192 187 185 183 182 181 179 178 176 174 171 169 168 167 167 165 164 163 162 163 164 167 172 178 184 189 194 198 201 203 205 207 208 210 211 213 216 218 217 214 209 206
-9999 -9999 -9999 -9999 -9999 -9999 212 218 225 233 241 249 257 264 272 278 284 289 293 296 298 298 298 297 294 289 283 278 272 267 262 258 254 250 246 244 242 240 238 235 233 231 227 222 216 208 201 195 189 186 184 183 180 178 176 174 172 170 168 167 167 166 165 164 163 162 163 165 168 173 178 184 189 194 197 200 202 204 206 208 208 210 212 214 216 216 213 209 205
-9999 -9999 -9999 -9999 -9999 -9999 202 208 215 223 232 241 249 258 266 274 280 286 291 294 296 296 296 295 293 289 284 278 272 267 262 258 255 252 249 247 245 243 241 239 238 235 232 227 220 213 205 198 193 188 186 183 181 178 176 173 171 169 167 166 166 166 165 164 163 163 163 165 169 174 179 184 189 193 196 199 202 204 206 207 208 209 211 213 215 215 212 208 205
