Sardinia/Input files/SaCurcurica/sacu_asp_5k.txt
ncols         404
nrows         401
xllcorner     4297873.4253069
yllcorner     1923781.1087337
cellsize      25
NODATA_value  -9999
[rows 190 to 227 of 401, columns 0 to 86 of 404]
-9999 -9999 249 246 242 236 228 222 219 217 216 217 221 228 236 245 256 274 63 73 77 80 81 83 91 117 179 198 200 191 182 177 173 171 170 170 171 173 175 177 179 181 184 186 183 168 143 127 124 124 125 127 127 125 123 118 112 108 104 100 98 110 246 254 254 255 258 261 264 267 270 272 263 135 126 161 234 258 267 271 272 274 275 275 248 110 112
-9999 -9999 246 241 235 228 222 217 216 216 218 221 228 236 242 246 246 232 136 105 101 100 100 95 89 91 126 181 194 189 182 175 168 167 168 171 173 176 179 182 186 190 194 197 189 169 145 125 113 110 111 114 119 124 126 125 120 114 107 101 97 104 238 248 247 249 252 256 259 263 267 265 232 139 133 166 232 255 264 267 270 273 273 266 158 118 115
-9999 -9999 242 237 231 225 220 217 217 220 225 231 239 244 247 246 240 217 160 128 116 111 108 103 93 86 92 133 173 185 186 179 168 164 166 170 173 177 181 186 191 197 203 205 198 180 153 122 102 96 97 102 110 118 125 128 125 119 111 102 96 97 224 242 241 243 247 251 253 253 250 234 193 153 145 173 225 248 258 264 268 271 270 254 142 117 114
-9999 -9999 241 235 230 226 223 223 226 232 239 245 250 252 251 247 237 209 166 137 123 115 110 105 97 87 84 96 131 172 186 185 173 164 164 168 173 178 183 190 197 204 211 213 210 200 175 119 92 88 91 96 103 111 119 125 126 121 113 103 94 94 171 233 236 238 243 245 245 241 231 211 188 168 161 181 224 248 259 264 268 269 266 237 131 113 109
-9999 -9999 245 239 236 234 235 239 245 252 257 260 260 259 256 249 234 204 170 143 125 115 109 103 97 90 84 82 87 120 171 185 179 169 167 168 172 178 185 195 204 212 219 222 222 220 213 131 88 86 89 94 99 104 112 119 123 121 112 103 98 100 133 219 230 234 239 241 239 232 219 204 191 181 178 195 236 258 266 269 269 266 259 216 125 107 102
-9999 -9999 258 253 252 254 259 264 269 272 273 271 268 265 260 250 229 199 173 152 132 118 108 101 97 95 91 82 77 81 108 163 173 175 176 171 171 178 189 203 214 221 226 229 230 231 228 190 100 91 91 93 95 99 104 111 119 121 113 106 107 111 130 201 226 232 236 236 233 226 215 205 198 195 200 226 262 275 277 276 271 265 253 208 122 101 96
-9999 -9999 276 274 274 276 280 284 286 285 283 278 273 266 257 243 219 192 175 162 147 128 112 103 100 101 101 96 86 77 73 91 134 172 189 176 169 180 197 214 225 229 231 233 234 233 228 204 129 102 96 94 94 94 97 102 111 119 115 111 112 116 129 185 223 231 233 233 230 224 215 209 209 215 232 264 283 288 287 282 274 265 253 212 123 97 90
-9999 -9999 288 288 288 288 290 292 292 291 287 282 274 263 249 228 206 188 176 169 163 148 125 111 106 106 107 106 100 89 79 78 83 113 191 176 168 184 210 227 232 233 234 235 235 233 227 206 152 115 102 96 93 92 91 93 97 106 109 108 109 112 122 170 220 229 230 231 229 224 218 217 224 237 257 279 291 295 294 287 275 262 250 215 130 96 85
-9999 -9999 289 291 291 291 291 292 292 291 288 282 272 257 236 212 196 186 179 175 175 168 146 124 115 111 109 108 106 103 96 87 78 76 124 162 168 191 221 233 234 234 235 237 237 235 227 206 164 128 109 100 94 91 89 87 84 87 96 99 100 103 110 148 215 230 232 234 231 226 224 229 240 254 269 283 291 296 297 291 274 255 244 219 144 96 80
-9999 -9999 286 288 289 287 286 286 287 287 285 279 266 244 216 195 187 185 182 182 183 181 165 140 124 117 112 108 105 103 101 95 88 87 100 135 165 197 225 233 233 235 238 240 240 236 226 204 169 137 116 104 97 92 87 82 76 76 84 89 90 93 99 123 206 233 236 236 234 232 237 246 256 266 276 284 289 294 297 298 281 255 246 231 168 97 76
-9999 -9999 283 284 283 281 279 279 278 278 276 269 251 220 193 181 180 183 184 186 187 185 175 154 135 124 116 109 103 98 95 92 90 91 95 112 151 194 223 231 233 236 240 243 242 237 226 206 173 140 121 109 100 92 85 76 69 68 73 77 80 84 90 104 186 232 236 237 239 243 251 260 268 274 280 284 287 290 295 303 305 267 251 234 195 127 79
-9999 -9999 282 281 279 276 274 272 270 267 262 251 224 191 175 171 175 181 185 188 189 188 181 165 146 132 122 113 103 95 89 87 88 90 93 104 135 182 217 230 235 239 243 245 244 239 229 210 175 141 123 112 102 92 83 73 64 62 64 67 71 77 83 93 143 222 233 239 243 252 261 268 273 277 280 283 285 286 287 292 303 232 223 212 199 181 122
-9999 283 280 277 274 271 268 266 263 258 250 230 197 172 164 165 172 179 185 189 190 189 183 171 155 141 129 116 104 95 90 89 89 91 94 103 127 170 213 232 239 244 248 249 247 242 232 213 177 141 123 112 103 92 81 71 64 62 63 66 70 76 81 89 118 202 230 237 242 253 263 269 273 276 278 279 279 276 269 248 162 164 188 201 203 201 202
-9999 281 277 273 269 266 263 260 256 250 236 211 181 164 159 161 170 178 185 189 190 189 184 175 163 151 137 120 105 98 95 94 94 95 97 103 121 159 212 238 246 251 253 253 252 246 236 217 177 139 121 111 101 90 79 70 67 67 68 71 75 78 82 89 107 176 224 232 239 250 259 265 269 271 272 272 268 260 243 207 154 146 176 205 210 213 223
-9999 -9999 271 267 263 260 258 254 248 238 220 196 174 161 158 161 169 178 185 189 189 188 184 178 171 162 148 125 108 101 99 99 99 100 101 105 118 153 217 246 253 256 257 257 255 250 239 220 180 135 115 105 95 85 75 71 72 75 76 78 81 83 86 91 102 146 211 228 239 248 255 260 263 265 264 261 255 243 222 190 151 135 166 211 216 220 229
-9999 -9999 258 256 254 253 251 246 237 224 206 187 172 162 159 162 170 179 184 186 188 188 186 183 182 178 161 130 112 105 103 103 103 104 105 107 118 156 229 254 259 260 260 259 257 251 242 224 188 134 109 99 90 82 77 78 83 87 89 90 90 90 92 95 101 126 194 227 238 246 252 256 258 258 255 251 243 231 210 182 154 137 156 205 218 225 231
-9999 -9999 241 241 242 242 240 234 226 213 197 181 170 164 161 164 170 178 182 184 187 190 191 193 199 200 175 130 113 107 106 105 106 107 109 111 121 165 237 258 261 261 260 259 256 252 245 229 195 141 112 100 93 89 89 92 96 100 103 102 100 99 99 100 105 117 172 224 236 242 248 251 252 251 248 243 235 223 205 181 159 147 156 192 219 229 233
-9999 -9999 227 228 230 231 229 225 218 206 191 178 169 164 163 165 170 176 180 183 187 194 199 206 217 221 192 128 112 108 107 107 108 110 113 117 128 176 240 256 260 260 259 258 256 253 247 233 200 147 119 108 105 105 105 105 105 106 109 111 110 107 105 106 111 120 153 215 234 240 245 247 247 246 243 238 230 219 204 184 164 152 156 187 219 230 232
-9999 -9999 219 222 224 225 223 219 212 200 186 175 168 165 163 164 169 174 179 183 190 200 210 220 229 230 200 134 115 111 110 110 110 112 116 122 135 187 239 252 256 257 257 257 256 254 248 237 205 147 124 117 117 119 116 112 109 107 110 114 115 115 113 112 117 131 152 201 231 239 243 245 244 242 239 234 226 217 205 188 169 150 150 184 219 229 228
-9999 -9999 215 219 221 221 218 214 207 195 183 173 167 165 164 164 167 173 178 186 196 209 221 231 236 230 197 144 123 115 113 112 112 114 117 126 143 191 234 247 252 254 255 255 255 252 248 238 206 147 128 123 122 123 121 116 112 111 112 116 120 121 120 118 121 138 161 191 229 240 243 243 241 239 235 229 222 215 206 193 175 149 142 182 224 228 222
-9999 -9999 213 217 218 216 213 209 202 191 180 171 167 164 163 164 167 172 180 190 204 219 230 237 237 225 191 151 129 119 115 113 112 113 117 128 154 193 232 245 249 252 253 253 252 250 247 238 202 146 131 127 125 124 123 120 118 118 119 121 124 125 125 122 121 136 171 192 230 240 242 241 239 235 230 224 218 213 205 195 180 153 140 182 227 226 217
-9999 -9999 211 214 214 212 209 204 198 188 178 171 166 164 163 165 168 174 184 198 215 229 237 239 235 219 187 154 134 123 116 113 110 109 112 125 162 199 232 245 249 251 252 252 250 249 247 237 195 144 131 129 128 126 126 124 123 124 125 127 129 130 128 125 122 130 175 197 228 242 244 241 237 232 226 220 216 211 204 195 183 160 147 183 223 222 213
-9999 -9999 209 211 210 208 206 201 195 187 179 172 167 164 163 166 170 178 192 211 228 238 241 241 234 215 183 153 136 126 119 113 108 106 106 118 161 201 223 238 246 250 251 251 250 249 245 232 189 143 131 129 128 128 129 130 128 127 129 131 134 136 134 130 127 126 159 215 251 258 252 244 237 230 224 219 214 208 202 194 185 168 155 185 221 219 211
-9999 -9999 208 209 208 207 204 200 194 187 180 174 169 166 165 168 174 185 204 224 237 243 244 242 233 212 178 150 134 126 119 112 107 104 105 117 157 194 208 227 241 248 250 250 249 246 239 223 186 148 133 131 130 130 133 136 135 133 132 134 137 142 142 133 82 4 357 352 331 301 275 256 244 234 225 218 213 206 199 192 186 175 166 191 220 218 212
-9999 -9999 206 207 207 206 203 199 193 188 183 177 172 168 168 171 179 194 214 229 238 243 244 241 231 207 173 147 131 123 117 111 107 106 108 119 153 188 200 223 240 245 246 245 243 238 229 212 187 157 141 137 135 134 137 141 142 140 138 137 138 145 160 341 345 348 353 356 353 343 321 292 268 250 234 221 212 205 197 191 187 183 180 197 219 220 217
-9999 -9999 200 205 207 205 203 199 194 190 186 180 176 172 173 178 186 200 217 229 235 239 241 238 227 203 171 145 129 121 117 114 113 113 114 122 148 185 202 226 239 240 239 237 234 228 219 207 189 167 150 143 140 138 141 144 147 148 148 145 143 193 314 329 338 344 350 357 0 359 351 336 317 293 264 234 215 203 195 190 189 189 191 204 222 227 227
-9999 -9999 33 238 214 208 203 199 196 192 188 183 180 177 179 185 191 202 215 226 232 236 237 234 223 201 170 147 133 126 123 122 123 122 122 125 144 184 208 225 234 234 232 230 226 221 215 205 191 173 156 146 141 141 143 148 152 157 163 165 199 297 314 325 334 341 349 357 3 5 2 356 349 339 330 317 263 197 188 189 192 195 201 219 235 239 239
-9999 -9999 25 19 6 344 201 198 196 193 189 186 183 182 185 189 192 199 211 222 229 233 234 229 218 198 170 150 139 133 130 130 130 129 128 129 144 181 213 227 230 230 229 226 222 219 214 206 192 175 159 146 140 140 144 150 157 166 186 214 274 299 311 321 330 339 347 355 4 8 8 6 3 359 357 358 14 52 125 179 194 210 234 253 257 255 254
-9999 -9999 23 20 15 16 23 37 160 187 187 185 186 186 188 189 190 196 209 220 228 233 231 223 212 195 172 153 143 137 134 135 135 134 132 131 140 174 227 241 235 232 231 227 223 220 216 207 193 176 159 146 139 138 141 151 163 180 224 264 292 302 310 317 326 335 344 354 4 10 12 12 11 11 12 15 34 57 74 113 231 276 285 285 280 276 274
-9999 -9999 22 20 20 21 26 36 45 63 143 174 184 185 190 191 191 197 210 222 230 233 228 217 206 193 175 157 146 138 135 137 139 140 137 126 98 30 272 261 249 239 235 230 227 224 218 208 192 174 158 145 137 135 138 151 172 213 261 280 294 301 307 314 321 329 340 352 4 12 15 17 19 22 27 35 53 72 85 91 300 306 306 305 302 298 294
-9999 -9999 22 22 23 24 29 36 41 45 57 82 150 174 189 197 197 200 214 226 232 232 225 212 201 192 179 163 149 140 137 139 144 151 159 152 358 358 330 292 275 262 242 234 231 227 220 207 190 173 156 143 136 132 135 154 195 251 272 281 289 296 303 309 315 322 334 348 2 12 17 21 26 33 41 51 67 86 98 345 300 308 313 314 314 313 310
-9999 -9999 -9999 24 26 27 30 35 38 42 46 49 53 66 147 206 202 197 212 228 232 230 222 209 197 190 182 167 151 142 140 143 153 173 217 278 323 347 348 336 324 322 306 246 232 226 217 203 187 172 155 141 132 129 133 159 225 262 272 278 284 289 296 303 309 315 326 342 358 10 18 27 35 43 52 62 77 91 101 289 296 304 310 313 317 319 319
-9999 -9999 -9999 25 27 28 31 35 37 39 40 38 33 27 25 17 46 181 208 224 227 225 218 206 194 189 184 170 154 145 144 150 168 204 243 271 298 328 342 345 344 347 359 3 231 220 212 198 185 174 159 142 130 125 132 171 246 265 272 276 279 283 289 296 303 308 317 333 351 7 20 34 45 54 63 71 81 89 91 287 291 296 301 306 312 318 324
-9999 -9999 -9999 25 27 29 31 34 36 36 35 31 25 22 21 19 19 24 28 224 220 217 212 203 193 189 183 170 156 149 150 160 183 218 244 260 278 303 324 337 346 355 9 31 62 198 206 194 183 177 166 149 134 126 135 191 252 266 271 274 276 279 282 287 294 299 306 320 341 2 24 43 56 65 72 78 84 88 90 275 279 283 288 292 298 307 321
-9999 -9999 -9999 25 27 29 32 34 35 34 32 28 24 21 19 18 17 19 24 22 237 209 208 200 192 189 182 171 159 154 156 168 192 224 242 253 266 283 303 320 339 0 19 45 66 98 190 185 178 179 175 162 146 137 148 201 250 264 269 271 273 275 277 279 283 287 292 302 323 354 32 56 68 75 79 83 87 90 104 258 259 263 268 272 275 278 280
-9999 -9999 -9999 26 28 30 32 34 34 33 30 27 24 21 18 17 16 17 21 24 31 48 196 193 188 186 180 171 164 159 162 174 200 232 244 251 260 272 286 301 324 3 34 58 71 80 127 161 170 179 181 174 162 154 167 210 251 263 266 268 269 270 271 272 273 274 275 279 290 332 57 75 80 83 86 89 93 96 117 234 240 243 248 250 248 237 206
-9999 -9999 -9999 28 30 32 33 34 34 32 28 26 23 20 17 17 17 17 21 27 35 43 54 134 169 180 176 170 168 165 169 182 211 240 249 254 260 266 275 285 303 0 48 67 77 87 111 141 162 179 186 182 174 169 184 216 251 263 265 265 265 265 265 264 263 260 257 253 247 217 114 97 93 91 92 95 99 105 132 200 221 230 234 234 229 215 193
-9999 -9999 -9999 30 33 36 36 35 33 30 27 25 22 19 18 18 19 20 23 31 41 48 53 67 103 155 166 163 167 174 181 195 224 248 254 257 261 265 269 275 285 344 63 76 83 90 104 125 154 177 186 185 180 181 193 218 247 260 264 264 262 260 258 253 247 241 236 230 219 194 149 119 105 100 98 101 106 116 143 180 208 223 228 228 222 210 193
