Sardinia/Input files/SaCurcurica/sacu_slp_5k.txt
ncols         404
nrows         401
xllcorner     4297873.4253069
yllcorner     1923781.1087337
cellsize      25
NODATA_value  -9999
[rows 126 to 167 of 401, columns 94 to 187 of 404]
17 20 23 26 28 29 28 27 24 20 17 14 12 12 11 12 12 14 16 18 22 24 25 25 24 22 19 16 14 13 12 11 9 8 7 7 6 6 6 5 4 3 3 3 3 3 3 3 4 4 4 3 2 1 2 3 4 6 7 8 9 10 9 7 5 4 3 2 2 1 2 4 5 6 7 7 7 4 2 1 1 1 1 0 0 3 7 8 8 9 11 13 15 15
17 21 24 26 28 28 27 25 22 19 17 15 13 13 13 13 14 15 17 20 22 25 26 26 25 22 18 15 13 12 11 10 9 8 8 8 7 6 6 6 4 3 3 3 4 4 4 4 4 5 5 4 3 1 1 2 3 5 8 9 11 11 10 8 6 5 4 3 3 2 2 4 5 5 6 7 7 5 2 1 1 1 1 0 1 4 6 7 8 9 12 14 15 15
18 21 24 26 27 27 25 23 20 18 17 16 15 14 14 15 16 17 19 21 23 25 26 26 24 21 17 14 12 12 11 10 9 9 9 9 8 7 6 5 4 3 3 3 4 4 4 4 5 6 6 5 4 2 0 1 3 6 9 11 12 12 11 9 7 5 5 4 4 3 3 4 5 4 5 6 6 5 3 2 2 1 0 0 2 4 6 7 8 10 12 15 16 16
19 21 23 23 24 23 21 19 17 16 16 16 16 16 16 17 18 19 20 22 23 25 26 25 22 19 16 14 12 12 10 10 9 9 10 9 8 6 5 4 3 3 2 3 3 3 4 4 5 5 6 5 5 3 1 2 5 8 11 12 13 13 11 9 6 4 4 5 5 4 4 4 4 4 4 5 5 4 3 3 3 1 0 1 3 4 5 7 8 10 13 16 17 17
16 17 18 19 20 19 16 14 13 13 14 15 16 17 17 18 18 19 20 21 22 23 24 23 20 18 15 14 12 11 10 9 9 9 10 9 7 5 4 4 3 3 2 2 2 2 3 3 4 5 5 5 6 5 4 5 7 10 12 13 13 12 10 8 5 3 3 4 4 4 4 4 4 4 4 4 4 4 3 4 3 1 0 2 3 4 5 7 8 10 14 16 18 18
11 11 12 15 17 16 15 12 10 10 10 12 14 15 16 17 18 18 19 19 20 21 21 20 19 17 15 13 12 11 9 8 9 9 9 8 6 5 4 3 3 3 2 2 2 2 2 2 3 4 5 5 6 6 6 7 8 10 11 12 13 11 9 6 3 1 1 2 3 4 4 3 3 3 3 3 4 4 3 4 3 1 1 3 4 3 4 6 8 11 14 18 19 19
5 5 8 13 16 17 17 15 13 11 10 11 11 12 14 15 15 16 16 16 17 18 19 19 18 17 15 13 12 10 8 8 8 9 8 7 5 4 3 3 3 3 2 2 1 1 1 1 2 4 4 4 5 5 6 7 7 8 10 12 11 10 7 5 3 2 0 0 1 2 2 3 3 3 3 3 3 4 3 3 3 1 1 3 4 3 4 6 8 11 15 19 21 21
1 2 6 12 16 19 20 20 18 16 15 13 12 11 11 12 12 13 13 13 14 16 17 18 18 17 15 14 12 9 8 8 8 8 7 6 5 4 3 3 3 3 2 2 1 1 1 1 2 3 4 3 3 3 4 4 4 6 9 11 11 9 6 4 3 3 2 1 0 0 1 2 2 3 3 3 3 3 3 3 3 2 0 3 4 4 3 5 8 12 16 20 22 22
4 4 6 10 15 19 21 22 22 21 19 17 15 12 10 9 9 10 11 11 12 14 16 18 18 18 16 14 12 10 9 8 8 7 7 6 4 3 3 3 3 3 3 2 2 1 1 2 2 3 4 3 2 2 2 2 2 4 8 10 10 9 7 5 4 4 3 2 1 1 1 2 2 2 2 2 3 3 3 3 3 2 0 3 5 4 4 5 8 12 17 21 23 23
6 6 7 9 13 17 19 21 23 23 22 21 18 15 12 9 8 9 10 10 11 13 15 17 18 18 17 15 12 10 9 8 7 7 6 5 4 3 3 3 3 3 3 3 2 2 2 2 3 4 4 3 2 1 1 0 1 3 7 10 11 10 9 7 6 5 4 3 2 2 2 2 2 2 2 2 3 3 3 3 3 2 0 2 5 5 5 6 9 13 18 21 23 23
7 7 7 8 11 14 17 20 23 24 24 23 20 17 14 11 9 10 10 10 11 13 15 17 18 18 17 16 13 11 9 8 7 7 6 5 4 3 3 3 3 3 3 3 3 2 2 2 2 3 4 4 3 1 0 0 1 3 6 9 11 11 10 9 7 6 5 3 3 2 2 3 2 2 2 2 3 3 3 3 3 2 0 1 4 5 6 7 10 14 18 21 22 22
7 7 7 7 9 11 15 18 22 24 25 24 22 18 15 12 10 11 11 11 11 12 14 16 18 18 17 16 14 11 9 8 7 7 6 5 4 3 3 3 3 3 3 3 2 2 1 1 1 2 3 3 3 2 1 1 1 2 5 8 10 11 10 9 8 8 6 4 4 3 3 3 3 2 2 2 2 2 3 3 3 1 0 1 3 4 6 9 12 16 19 21 21 20
7 7 6 6 7 9 12 16 20 24 25 24 22 19 15 12 11 12 13 13 13 13 14 16 18 18 18 16 14 11 9 8 7 7 6 5 4 2 2 2 3 4 4 3 3 1 1 1 1 2 2 3 3 2 2 2 2 1 3 6 7 9 9 10 9 9 7 6 5 4 4 4 3 2 2 2 2 2 3 3 3 1 0 1 2 4 7 10 13 16 19 20 19 19
6 6 5 5 6 8 11 16 20 23 24 24 22 19 15 12 12 13 14 14 14 14 15 16 18 18 18 16 13 11 10 8 8 7 6 4 3 2 1 2 4 4 4 4 3 2 1 1 1 1 2 3 3 3 2 3 2 1 1 3 5 6 8 9 10 10 8 7 6 5 4 2 1 0 0 1 2 2 3 3 3 1 0 1 2 4 7 10 14 16 19 19 19 18
4 4 4 4 5 7 11 16 20 23 24 24 22 19 16 14 14 15 15 15 15 15 16 17 18 19 18 16 13 11 10 9 8 7 6 4 2 1 1 2 4 5 5 4 3 3 2 2 2 2 2 2 3 3 3 3 4 3 3 3 3 5 7 9 10 9 8 7 7 6 5 3 2 1 1 2 2 3 3 3 3 1 0 1 2 4 7 10 13 15 18 19 19 19
2 2 2 3 6 9 13 18 21 23 24 24 23 21 18 17 17 17 16 16 16 16 17 18 19 19 17 15 13 11 10 9 8 7 6 4 2 1 2 3 4 6 6 5 4 3 3 3 3 3 3 3 3 3 3 3 4 4 4 4 3 4 7 8 9 8 8 8 7 7 7 6 4 3 2 3 3 4 4 4 3 1 0 1 2 4 7 10 12 14 16 19 20 21
2 1 0 4 8 12 16 19 22 24 25 25 25 23 21 20 19 19 18 17 17 18 18 19 20 19 17 15 13 12 10 9 8 7 5 4 3 2 3 4 5 6 6 5 4 3 3 3 3 4 4 4 3 3 3 3 4 4 4 4 4 5 7 7 7 7 7 7 7 8 7 7 6 5 4 4 4 5 5 5 4 2 0 1 2 4 6 9 11 12 14 17 20 22
3 2 3 6 10 14 18 21 23 25 26 27 27 25 24 23 22 21 20 19 19 20 21 21 21 20 17 15 13 11 10 9 7 6 5 4 3 4 4 5 6 7 7 6 4 3 2 2 3 4 4 4 3 3 3 3 3 4 5 5 4 5 6 6 5 5 6 6 6 7 7 7 7 6 6 6 6 6 6 6 6 4 0 1 2 3 5 8 9 10 11 14 18 22
5 5 6 9 12 16 19 22 24 25 27 28 28 27 25 24 23 22 22 22 22 22 23 22 21 19 16 14 12 10 9 8 7 6 5 4 4 5 6 6 7 7 7 6 4 3 2 1 2 3 4 4 4 3 3 3 3 4 5 5 4 4 4 4 4 4 5 5 5 6 7 7 8 8 8 8 7 7 7 7 7 5 2 1 2 3 5 7 8 8 9 12 16 21
8 8 9 11 14 17 19 22 24 26 27 28 28 27 26 25 24 23 23 23 23 23 23 22 21 18 15 13 11 9 8 7 7 6 5 5 5 6 6 7 7 7 7 5 4 2 2 1 1 2 3 4 4 3 3 3 3 4 4 4 3 2 2 2 3 4 4 5 5 5 6 8 9 10 10 10 10 9 9 8 8 7 3 0 3 3 5 7 8 8 9 12 16 20
11 11 11 12 14 17 20 22 25 26 27 27 27 27 26 25 23 23 23 23 23 23 22 21 19 16 14 12 10 8 8 7 6 6 5 6 6 6 6 6 6 7 6 4 3 2 2 1 1 2 3 3 4 3 3 3 3 3 3 3 3 2 0 1 3 4 5 5 6 6 8 10 11 12 13 13 13 12 11 9 9 8 5 0 3 4 5 7 9 10 11 14 16 20
13 13 12 11 13 16 20 23 25 26 26 26 26 27 26 24 23 22 21 21 20 20 20 18 16 14 12 10 8 7 7 6 6 6 5 5 5 5 5 5 5 5 4 3 2 2 2 2 1 2 2 3 3 3 3 3 3 2 2 2 2 2 1 0 1 3 4 6 7 8 10 12 13 14 15 15 15 15 13 11 10 8 6 1 3 5 7 9 11 13 15 16 18 20
15 13 12 11 12 15 19 22 24 25 25 25 25 26 26 25 23 22 20 18 17 17 16 14 13 11 9 8 6 6 6 5 5 5 5 4 4 4 4 4 4 4 3 2 2 2 2 2 1 1 2 3 3 3 3 3 2 2 2 1 2 2 2 1 0 2 4 6 7 9 12 13 14 15 15 16 16 16 16 14 11 9 7 2 3 6 8 11 13 15 17 18 20 21
15 13 12 10 11 15 19 22 24 24 24 24 24 25 26 25 24 22 19 16 14 14 13 11 10 8 7 6 5 5 5 5 5 4 4 4 4 3 3 3 3 3 3 2 1 1 1 2 1 1 2 2 2 2 3 3 2 2 2 1 1 2 2 2 2 3 4 6 8 11 13 13 14 14 14 14 16 17 17 16 12 10 8 3 3 8 10 13 15 17 19 19 20 22
15 13 12 11 12 15 19 22 23 23 23 23 23 25 25 25 25 23 20 16 13 12 11 9 7 6 5 4 3 4 4 4 4 4 3 3 3 3 3 3 3 2 2 2 1 1 1 1 1 2 2 2 3 3 3 3 3 2 2 1 1 2 3 4 4 5 6 7 9 10 11 11 10 10 10 12 15 17 18 17 13 10 8 4 2 9 11 14 17 19 19 19 20 20
14 13 12 12 13 16 19 22 23 22 22 21 22 23 25 25 25 24 21 17 14 12 11 8 6 5 4 3 3 3 4 4 4 3 3 3 2 2 3 3 3 2 2 1 1 0 1 1 1 2 2 2 3 3 3 3 3 2 2 2 2 3 5 6 7 7 7 7 8 8 8 7 6 5 6 10 14 18 19 17 14 10 8 5 1 9 12 15 19 21 20 19 19 19
14 14 13 14 15 18 21 22 22 21 20 20 21 22 24 25 25 24 22 18 15 13 11 7 4 4 3 3 3 4 5 5 4 3 3 2 2 2 3 3 3 2 2 1 1 0 1 1 1 1 2 2 3 3 3 2 2 2 2 2 2 4 7 9 9 8 7 6 5 5 5 4 3 1 5 11 15 18 19 17 13 9 7 5 1 9 13 16 20 22 21 19 18 18
14 14 15 16 18 20 22 22 21 19 18 18 19 21 23 25 26 25 22 19 16 14 10 6 4 4 3 3 4 4 5 5 4 3 2 2 2 2 3 3 3 2 1 1 1 0 1 1 1 1 1 2 2 2 2 2 2 2 2 2 3 6 10 11 10 8 6 4 2 3 4 4 4 6 10 14 18 19 18 16 12 9 7 5 1 9 13 16 20 23 22 20 18 18
13 15 17 19 20 22 22 22 20 17 15 16 18 20 23 25 26 25 23 20 17 13 9 5 4 4 4 4 4 5 5 5 4 2 2 2 2 2 2 3 2 2 1 1 1 0 1 1 1 1 1 1 1 2 2 1 1 2 2 3 5 9 11 12 10 7 4 2 0 2 4 6 9 12 15 18 19 19 17 14 11 8 7 5 1 8 12 16 20 23 23 21 20 19
13 16 19 21 22 23 22 21 19 15 13 14 16 20 23 26 27 26 23 20 17 13 8 5 4 4 4 4 4 5 5 5 3 2 2 1 1 2 2 2 2 2 1 1 1 1 1 1 1 0 0 1 1 1 1 1 1 1 2 3 6 11 12 11 9 4 2 4 2 3 6 10 14 17 19 20 19 17 15 12 10 7 5 4 1 7 12 16 20 23 24 23 22 21
13 17 20 22 23 23 22 20 18 14 12 13 16 20 24 27 28 26 23 20 16 12 8 5 5 5 4 4 5 5 5 4 3 2 1 1 1 1 2 2 2 2 1 1 1 1 1 1 1 0 0 0 0 0 1 1 1 1 2 4 7 11 12 10 8 3 3 5 3 5 9 13 16 17 18 18 16 14 12 10 8 6 4 3 1 5 11 15 18 21 23 25 25 25
13 17 20 22 23 23 22 20 18 15 13 14 17 21 25 28 28 26 22 18 14 10 7 5 5 5 4 4 5 5 5 4 3 1 1 0 1 1 1 2 2 2 2 1 1 1 1 1 1 1 0 0 0 0 0 1 1 1 3 5 8 11 11 10 8 4 4 5 4 7 12 14 15 15 15 13 12 10 9 8 6 5 4 3 2 3 9 14 17 20 22 24 26 27
14 18 20 21 22 22 22 21 19 17 16 16 19 22 25 27 27 24 21 17 13 9 6 6 6 5 4 4 5 5 4 3 2 1 0 0 1 1 1 2 2 2 2 2 2 1 1 1 1 1 1 1 0 0 1 1 1 2 3 5 7 10 11 10 8 5 4 5 5 9 13 13 11 11 10 9 8 7 6 6 5 4 3 3 2 1 6 12 15 18 21 23 26 27
15 18 19 20 21 21 21 20 19 18 18 18 20 22 24 26 25 22 19 16 12 8 6 5 6 5 4 4 4 4 3 2 1 0 0 0 1 2 2 2 2 2 2 2 2 2 1 1 2 1 1 1 1 1 1 1 1 2 3 5 6 9 11 11 9 6 5 4 4 9 13 12 9 8 7 6 6 6 5 5 4 4 3 3 2 1 3 9 13 16 18 21 24 26
16 17 17 18 19 20 20 19 19 19 19 19 20 21 23 23 23 20 17 15 12 8 6 5 6 5 4 4 4 4 3 2 1 1 1 1 1 2 2 2 3 3 3 3 2 1 1 1 1 1 1 1 1 1 1 1 1 2 3 4 5 7 10 11 10 8 6 4 3 8 14 13 9 7 6 6 5 5 4 4 3 3 3 3 2 1 1 5 9 13 15 18 21 24
15 16 17 18 19 19 19 18 18 18 18 19 19 20 20 20 20 18 16 14 12 9 6 5 5 4 3 3 4 3 2 2 1 1 1 1 1 2 2 3 3 3 4 3 2 1 0 0 1 1 1 2 2 1 1 1 2 2 3 4 4 6 8 10 10 9 7 4 1 6 13 13 10 8 7 6 5 4 4 3 3 4 3 3 2 2 1 2 5 9 12 14 17 20
14 16 18 19 19 19 18 17 17 17 18 18 18 18 18 17 17 16 14 13 12 9 7 5 5 4 3 3 4 3 2 2 2 2 2 1 2 2 3 3 3 4 4 3 1 0 0 0 0 1 1 2 2 2 2 2 2 2 3 3 4 5 7 9 9 8 7 5 2 4 12 13 11 9 8 7 6 5 3 3 4 4 3 3 2 2 1 0 2 5 8 11 13 15
14 16 19 21 21 20 18 16 16 17 18 18 18 17 16 15 14 14 13 12 12 10 7 5 5 4 3 3 3 3 2 2 2 2 2 1 2 2 3 3 4 5 5 3 1 0 0 0 1 1 1 2 2 2 2 2 2 2 3 3 4 5 6 7 8 7 7 6 3 2 9 13 12 10 9 8 7 5 4 3 3 4 4 3 2 2 1 0 1 2 5 8 11 12
15 17 20 22 23 21 18 16 15 16 17 17 17 16 15 14 13 12 12 11 11 9 7 5 5 4 3 3 3 2 2 1 1 1 1 1 1 2 3 3 5 6 5 3 1 0 0 0 1 1 1 1 1 2 2 2 2 2 2 3 3 4 5 6 7 7 7 7 4 0 7 12 12 11 9 8 7 6 5 4 3 4 4 3 3 2 2 1 0 0 3 6 9 11
16 18 21 23 23 22 18 15 14 15 15 16 16 15 15 14 12 11 11 10 10 8 6 5 5 4 3 3 3 2 1 0 0 0 0 0 1 1 2 3 5 6 6 4 1 0 0 1 2 2 1 1 1 1 1 2 3 3 2 2 2 3 4 6 8 8 7 6 4 0 5 10 12 11 10 8 7 7 6 5 4 4 4 3 3 3 2 1 0 0 2 4 7 9
16 19 22 23 23 21 17 14 13 13 13 14 14 14 14 13 11 10 10 9 8 7 6 5 5 4 4 3 3 2 1 0 0 0 0 0 0 0 1 3 5 6 6 4 1 0 0 2 2 2 1 1 1 1 1 2 2 3 2 2 2 2 3 7 9 8 6 5 4 1 3 8 10 11 10 9 8 7 7 6 5 4 4 4 3 3 2 1 0 0 1 3 5 7
17 19 21 22 21 19 16 13 12 11 11 11 12 12 12 11 9 9 8 7 6 6 6 5 5 5 4 4 3 2 1 1 1 1 1 0 0 0 1 3 5 6 6 4 2 0 1 2 2 2 1 1 1 1 1 1 2 2 2 2 2 2 4 8 10 8 5 4 4 1 2 6 9 10 9 9 8 7 7 6 5 5 4 4 3 3 3 1 0 0 1 3 4 6
