Sardinia/Input files/SaCurcurica/sacu_elev.txt
ncols         404
nrows         401
xllcorner     4297873.4253069
yllcorner     1923781.1087337
cellsize      25
NODATA_value  -9999
[rows 160 to 199 of 401, columns 89 to 177 of 404]
201 198 194 190 186 180 173 167 161 155 150 146 143 141 141 141 140 135 129 121 111 101 91 82 75 69 64 61 59 56 53 52 50 48 46 44 43 42 42 42 42 42 41 40 39 38 37 35 34 32 32 32 32 32 32 33 33 33 33 33 33 33 34 35 37 39 41 45 49 53 56 57 56 55 54 48 41 36 33 30 27 24 22 20 18 17 15 13 12
200 196 193 188 183 177 170 163 156 149 143 138 135 133 132 133 131 127 122 115 107 98 90 82 75 69 64 61 58 55 53 51 50 48 46 44 43 43 42 43 43 43 42 41 40 38 37 35 33 32 31 31 31 31 32 32 32 32 32 32 32 33 33 35 36 38 40 43 46 49 52 53 54 55 54 49 42 37 33 30 27 24 22 20 18 17 15 13 12
198 195 191 186 180 174 168 160 152 144 136 131 127 125 124 124 123 120 115 109 103 96 88 81 75 69 64 60 58 55 53 51 50 48 46 45 44 44 43 44 44 43 43 41 40 39 37 35 33 32 31 31 31 31 31 31 31 31 31 31 31 32 33 34 35 37 38 40 43 46 48 50 52 54 54 50 44 39 34 31 27 25 22 20 19 17 15 13 12
196 193 189 184 179 173 166 158 149 140 131 124 120 117 116 116 115 112 109 104 99 93 87 81 75 69 64 60 58 55 53 51 50 48 47 46 45 45 44 44 44 44 43 42 41 39 37 35 33 32 31 31 31 31 30 30 30 30 30 30 31 31 32 33 34 35 37 38 40 43 45 48 51 54 54 52 46 40 36 32 29 25 23 21 19 17 16 14 12
194 191 187 182 177 171 164 156 147 136 126 118 113 110 109 108 106 105 102 98 94 90 85 80 74 69 64 60 58 56 53 52 50 49 47 46 46 46 45 45 45 45 44 43 42 40 38 35 33 32 31 31 31 31 30 29 29 29 29 29 30 30 32 33 33 34 35 36 38 41 44 47 51 54 55 53 48 43 38 34 30 27 24 21 19 18 16 14 12
193 188 184 179 174 169 161 153 143 132 122 113 108 104 102 100 99 97 95 93 89 85 82 78 73 68 64 61 58 56 54 52 50 49 47 47 46 46 46 46 45 45 45 44 43 41 38 35 33 32 32 32 31 30 29 29 28 28 28 28 29 30 31 32 32 33 34 34 36 40 44 47 50 53 54 53 50 45 40 35 31 28 25 22 20 18 16 15 13
191 186 182 176 171 165 158 149 139 128 118 110 103 99 96 93 92 90 89 87 84 81 78 75 71 67 64 61 58 56 54 52 50 49 47 47 46 46 46 46 45 45 45 44 44 42 39 36 33 32 32 31 31 30 29 28 28 28 28 28 28 29 30 31 31 32 33 33 36 40 44 47 50 52 54 53 51 46 41 37 33 30 27 24 21 19 17 15 13
189 184 179 173 168 161 154 145 135 125 115 107 101 95 91 88 86 84 83 81 79 77 75 72 69 67 64 61 58 56 54 51 50 48 47 46 46 46 46 45 45 45 45 45 44 42 39 36 33 32 31 31 30 29 28 27 27 27 27 27 27 28 29 30 31 32 33 34 36 41 45 48 50 52 53 53 51 47 43 39 35 31 28 25 22 20 17 15 13
187 181 176 171 165 158 150 142 132 122 114 107 100 94 89 85 82 80 78 77 75 73 72 70 68 66 63 61 58 56 53 51 49 47 46 46 45 45 45 45 45 45 45 45 44 42 39 36 33 31 31 31 30 28 28 27 27 26 26 26 26 27 28 30 31 32 33 35 38 42 46 48 49 51 53 53 51 48 44 40 37 33 30 26 23 20 17 15 14
184 179 173 168 162 156 148 140 131 122 114 107 101 94 88 83 80 77 75 73 72 71 69 68 66 65 63 61 58 56 53 50 48 47 46 45 45 44 44 44 44 45 45 44 43 41 38 35 33 31 30 30 29 28 27 26 26 26 26 26 26 27 28 29 31 32 34 36 39 43 46 48 49 51 52 52 50 47 44 41 38 35 31 28 24 21 18 16 14
182 177 171 165 160 153 146 139 131 123 115 108 102 96 89 84 79 76 74 72 70 69 67 66 65 64 62 60 58 55 52 50 48 46 45 45 44 43 43 43 43 44 44 43 42 40 37 34 32 30 29 29 28 27 26 26 25 25 25 25 26 27 28 29 31 33 35 37 40 43 45 46 48 49 50 50 49 46 44 41 39 36 32 29 25 22 19 16 15
180 174 169 163 157 151 145 138 131 123 116 109 103 97 91 85 80 76 73 71 70 68 66 65 65 63 62 60 58 55 52 49 47 46 45 44 43 42 42 42 42 43 42 42 40 38 36 33 31 30 29 28 27 27 26 25 25 25 25 25 26 27 28 29 31 33 35 38 40 42 44 45 45 46 47 47 46 44 42 40 38 36 33 30 27 23 20 18 16
177 172 167 161 155 149 143 137 130 123 116 110 104 98 92 86 81 77 74 71 69 67 66 65 64 63 62 60 58 55 52 49 47 46 44 43 42 41 41 41 41 41 40 39 38 36 34 32 31 29 28 28 27 26 26 25 25 24 24 25 26 27 29 30 31 33 36 38 40 41 42 42 42 43 43 43 43 42 40 39 37 36 34 31 29 25 22 20 17
175 171 165 159 153 147 141 135 129 123 116 110 104 99 93 87 82 78 74 71 69 66 65 64 64 63 62 60 57 55 52 49 47 45 44 42 41 40 40 39 39 39 38 37 36 34 33 32 30 29 28 27 27 26 25 25 24 24 24 25 26 27 29 30 32 34 36 38 39 40 40 40 39 39 39 39 39 39 38 37 36 35 34 32 30 28 25 22 19
173 169 164 158 151 145 139 133 127 121 115 109 104 98 93 88 83 79 74 71 68 65 64 63 63 62 61 58 56 54 52 49 47 45 43 42 41 40 39 38 37 37 36 35 34 33 32 31 29 28 27 27 27 26 25 25 24 24 24 25 26 28 30 31 33 34 36 37 38 38 38 37 36 36 36 36 36 36 36 35 35 35 34 33 32 30 28 25 22
170 167 162 156 150 143 136 130 125 118 112 107 102 97 92 87 82 78 74 70 66 64 62 61 61 60 58 56 55 53 51 48 46 44 42 41 40 40 39 37 36 35 34 33 33 32 31 30 29 28 27 27 27 26 25 25 24 24 24 25 27 29 31 32 34 35 36 36 37 36 36 35 34 34 34 34 34 34 34 34 34 34 35 35 34 32 30 28 25
170 165 161 155 148 141 134 128 121 115 108 103 98 94 89 85 81 77 72 68 64 62 60 58 57 57 55 54 53 52 50 47 45 43 42 41 40 39 38 36 35 34 33 32 31 31 30 29 28 27 27 27 27 26 25 25 24 24 24 26 28 30 31 33 34 35 35 36 36 35 34 34 33 33 32 32 33 33 33 33 33 34 35 35 35 34 33 30 27
170 165 160 154 148 140 133 125 118 110 104 98 93 89 86 82 78 75 70 66 62 59 57 55 54 53 53 52 51 50 48 46 44 43 41 40 40 39 37 36 34 33 32 31 30 30 29 28 28 27 27 27 27 26 25 24 24 24 24 26 28 30 32 33 34 34 35 35 35 34 33 33 32 32 32 32 32 32 32 32 33 34 35 36 37 37 35 33 31
171 166 160 154 147 139 131 122 114 106 99 92 88 84 82 79 76 72 68 64 61 57 54 52 51 51 50 50 49 48 47 45 43 42 41 40 39 38 37 36 34 33 31 30 30 29 28 28 28 27 27 27 27 26 25 24 24 24 25 27 29 31 32 33 33 34 34 34 34 33 32 32 32 31 31 31 31 31 31 32 32 33 35 37 38 39 39 37 34
172 166 161 155 147 139 129 120 111 103 95 89 84 81 79 76 73 70 66 62 59 55 52 50 49 49 49 48 47 46 45 44 43 41 40 39 38 38 37 35 34 32 31 30 29 28 28 28 28 27 27 27 27 26 25 24 24 24 26 28 30 31 32 33 33 33 33 33 33 32 32 31 31 31 30 30 30 30 30 31 32 33 35 37 39 40 41 40 37
173 168 162 155 147 138 128 119 110 101 93 87 83 80 78 75 72 69 65 61 58 54 52 50 49 48 48 47 46 45 44 43 42 41 40 39 38 37 36 35 33 32 30 29 28 28 28 27 27 27 27 27 26 26 25 24 24 25 26 29 30 32 32 33 33 33 32 32 32 31 31 30 30 30 29 29 29 29 29 30 31 34 36 38 40 41 42 41 39
174 169 163 156 147 138 128 118 109 101 94 88 84 82 79 76 73 70 66 61 58 55 52 50 49 48 48 46 45 44 43 42 41 40 39 38 37 36 35 34 33 31 30 29 28 28 27 27 26 26 26 26 26 25 24 24 24 25 27 29 30 31 32 32 32 32 31 31 30 30 29 29 29 29 28 28 28 28 28 29 31 33 36 39 41 42 42 42 40
174 169 163 156 147 137 128 118 110 103 97 92 88 86 83 79 75 72 67 63 60 57 54 51 49 48 47 46 45 44 43 42 41 39 38 37 36 35 34 33 32 31 30 29 28 27 27 26 25 25 25 25 25 24 24 24 24 26 27 29 30 31 31 32 31 31 30 29 29 28 28 28 28 28 27 27 27 27 27 28 30 33 36 39 41 41 42 41 40
174 169 163 155 147 137 128 120 112 106 101 97 94 91 88 84 79 75 70 66 63 59 56 53 51 49 47 46 45 44 43 42 41 39 38 36 35 35 34 33 31 30 29 28 28 27 26 25 25 24 24 24 24 24 24 24 25 26 27 28 29 30 31 31 30 30 29 28 27 27 27 27 27 27 27 26 26 26 26 27 29 32 34 37 39 40 40 40 39
174 169 163 155 147 138 130 122 116 111 106 103 99 96 92 88 83 79 74 70 66 63 60 56 53 51 49 47 46 45 44 43 41 40 38 37 36 35 34 33 31 30 30 29 28 27 26 25 25 24 24 24 24 24 23 24 24 26 27 28 29 30 30 29 29 28 27 27 26 26 25 25 25 25 25 25 26 26 26 26 28 30 32 34 37 39 39 39 39
173 168 162 155 148 140 132 126 121 116 112 108 104 100 95 91 86 82 77 74 70 67 63 60 57 54 51 50 48 47 45 44 42 41 39 38 36 35 34 33 32 31 30 29 28 27 27 26 25 24 24 24 24 24 24 24 24 25 26 27 28 28 28 28 27 27 26 26 25 25 24 24 24 24 24 24 25 25 25 26 26 28 30 32 35 37 38 39 38
172 167 161 155 149 142 136 131 126 122 118 114 109 103 97 92 87 83 79 76 74 71 67 64 61 57 54 52 50 48 47 45 44 42 41 39 37 36 35 34 32 31 31 30 29 28 27 26 26 25 25 25 25 24 24 24 24 24 25 25 26 26 27 27 26 26 25 25 24 24 23 23 23 23 23 23 24 24 24 25 25 26 27 30 33 36 38 38 38
171 166 161 155 150 145 139 135 132 128 123 118 112 105 97 91 87 83 80 78 76 73 70 67 64 61 57 54 52 50 48 46 45 43 42 40 38 37 35 34 33 32 31 30 29 28 28 27 27 26 26 26 25 25 24 24 24 24 24 24 24 25 25 25 25 25 24 24 24 23 23 22 22 22 22 22 23 23 24 24 24 25 26 28 31 35 37 38 37
169 164 160 155 151 146 142 139 136 131 126 120 112 104 96 89 85 82 79 78 76 75 72 70 67 63 60 57 54 52 50 48 46 44 42 41 39 38 37 36 35 33 32 31 30 29 28 28 27 27 27 27 26 26 25 25 25 25 24 24 24 24 24 24 24 24 23 23 23 23 22 22 21 21 21 21 22 22 23 23 24 24 26 28 31 34 37 38 37
168 163 158 154 150 146 143 140 136 132 126 119 111 102 93 86 82 79 78 77 76 75 73 71 68 65 62 58 56 53 51 48 46 45 43 42 41 39 38 37 36 35 33 32 31 30 29 29 28 28 28 27 27 26 26 25 25 25 25 24 24 24 24 24 23 23 23 22 22 22 22 21 21 20 20 20 20 21 22 23 24 25 26 28 31 34 37 37 36
166 161 156 152 148 144 141 138 134 129 123 116 108 99 91 84 79 77 76 75 75 74 72 71 68 66 63 59 57 54 51 49 47 45 44 42 41 41 40 39 38 36 35 33 32 31 31 30 30 29 29 28 28 27 26 26 26 26 25 25 24 24 24 23 23 22 22 22 22 22 21 21 20 20 19 19 20 20 22 23 24 26 27 29 32 35 37 37 34
163 158 153 149 144 140 136 133 129 124 119 112 104 96 88 82 77 75 73 73 73 72 71 70 68 66 63 60 57 54 51 49 47 45 44 42 42 41 41 40 39 37 36 35 34 33 32 31 31 30 30 29 29 28 27 27 27 26 26 25 25 24 24 23 23 22 22 21 22 21 21 21 20 19 19 19 19 20 22 23 25 27 29 31 33 35 37 37 34
159 154 149 144 139 135 130 126 123 118 113 106 99 92 85 79 75 73 71 71 71 70 69 68 67 65 62 59 56 54 51 49 47 45 43 42 42 41 41 40 40 39 37 36 35 34 33 33 32 31 31 30 29 29 28 27 27 27 27 26 25 24 24 23 23 22 21 21 21 21 21 20 20 19 18 18 19 21 23 24 26 28 30 32 34 36 37 37 34
156 149 144 138 133 129 124 120 117 113 107 101 95 88 82 77 73 71 69 69 69 68 67 67 66 64 61 58 55 53 51 49 46 44 43 42 41 41 41 40 40 39 38 37 36 35 34 34 33 32 32 31 30 30 29 28 28 28 27 27 26 25 24 24 23 22 22 21 21 21 21 20 19 18 18 18 20 22 24 26 27 29 31 33 35 36 38 37 34
153 146 140 134 129 124 120 116 112 108 103 97 90 84 78 74 70 68 67 67 66 66 65 65 64 62 60 57 54 52 50 48 46 44 42 41 41 41 40 40 39 39 38 37 36 36 35 35 34 33 32 32 31 31 30 29 28 28 28 27 27 26 24 24 23 23 22 21 21 21 20 20 19 18 18 19 21 23 26 27 29 30 32 34 36 37 38 37 34
151 144 137 131 126 122 118 114 110 105 100 94 87 80 74 70 67 65 64 64 63 63 63 62 61 60 58 55 52 50 49 47 45 42 40 40 39 39 40 39 38 37 37 37 36 36 35 35 34 33 33 33 32 32 31 30 29 29 29 28 28 26 25 24 23 23 22 22 21 21 21 20 19 19 18 19 22 25 27 29 30 32 33 35 37 38 38 37 34
150 143 136 130 126 122 119 115 110 105 99 92 84 77 70 66 63 61 60 59 59 60 60 59 58 57 55 53 50 48 47 45 43 40 39 38 37 38 38 37 36 36 35 35 35 35 35 35 34 33 33 33 33 32 32 31 30 29 29 29 28 27 25 24 23 23 22 22 22 21 21 20 20 19 19 20 23 26 28 30 31 33 34 36 37 38 38 36 33
151 144 137 132 128 125 121 117 112 106 99 91 82 74 67 62 59 57 56 55 55 56 56 55 55 54 52 50 48 46 44 43 41 38 37 36 35 35 35 35 35 34 34 34 34 34 34 34 34 34 34 34 34 33 32 32 31 30 30 30 29 27 26 25 23 23 22 22 22 22 21 20 20 19 19 20 23 26 28 30 32 34 35 36 37 38 38 36 32
153 146 140 135 131 128 124 119 114 107 99 91 82 73 66 60 57 55 53 52 52 52 52 52 51 50 49 47 45 43 42 41 39 37 35 34 33 33 33 33 33 32 32 33 33 33 33 33 33 33 34 34 34 34 33 32 32 31 30 30 29 28 26 25 24 23 22 22 22 21 21 20 20 19 19 20 23 26 28 30 32 34 35 36 37 37 37 34 30
156 150 144 139 135 131 126 121 115 108 100 92 82 74 67 61 57 54 52 51 50 50 49 49 48 47 46 44 42 41 39 38 37 35 34 33 32 31 31 31 31 31 31 31 31 32 32 32 33 33 34 34 34 34 33 33 32 31 31 30 30 28 27 25 24 23 22 21 21 20 19 19 19 19 19 20 23 25 28 31 33 34 34 35 36 36 35 32 29
