Sardinia/Input files/SaCurcurica/sacu_slp_5k.txt
ncols         404
nrows         401
xllcorner     4297873.4253069
yllcorner     1923781.1087337
cellsize      25
NODATA_value  -9999
[rows 42 to 83 of 401, columns 188 to 281 of 404]
8 7 8 10 12 14 14 13 13 13 12 11 10 8 7 7 7 7 6 4 3 2 3 5 7 9 11 15 19 24 28 31 33 33 31 28 23 18 13 9 6 5 4 2 1 1 0 0 1 1 1 1 2 2 2 1 0 0 0 0 1 2 3 5 9 13 16 19 21 22 21 18 15 12 8 5 4 7 10 12 12 10 7 3 1 6 10 12 13 13 14 15 18 21
8 5 6 9 12 14 14 14 13 13 13 12 11 10 10 10 11 11 11 10 9 7 6 5 3 2 5 11 17 23 27 30 31 31 30 27 24 20 15 11 8 6 5 3 2 1 0 0 0 1 1 1 1 1 1 0 0 0 1 1 0 1 2 3 7 11 14 17 19 21 21 20 17 14 11 8 7 8 11 13 12 10 6 2 1 5 8 10 11 13 14 17 19 22
7 3 3 7 11 14 15 15 14 14 13 13 11 10 10 11 13 14 15 15 15 13 12 10 7 4 5 11 17 23 26 28 30 29 28 26 24 21 16 13 10 7 6 5 3 2 1 0 0 0 0 1 1 1 1 0 0 1 1 2 1 0 1 2 5 8 12 15 18 20 21 20 19 16 13 11 11 12 14 15 13 10 6 3 2 4 7 9 10 13 15 18 20 21
8 4 1 7 11 14 15 16 15 15 14 13 11 10 10 11 13 15 17 18 18 18 18 16 14 12 11 14 19 23 26 27 27 27 26 25 23 21 17 14 11 9 7 6 4 3 2 1 1 0 0 1 1 0 0 0 1 1 2 2 2 2 0 1 3 6 9 13 16 18 20 20 20 18 15 14 15 16 17 17 14 11 7 5 5 5 7 9 11 13 15 17 18 18
10 5 0 7 11 15 16 17 17 16 15 13 11 10 10 11 12 14 16 18 20 21 22 21 20 18 17 18 20 23 24 25 24 24 24 24 22 20 18 15 12 10 8 7 6 5 3 2 2 1 1 1 1 0 0 0 1 2 1 2 3 3 2 0 2 4 6 10 14 17 19 20 19 19 17 17 17 18 18 17 14 11 8 7 6 7 8 9 11 13 14 15 15 14
11 6 1 6 12 15 17 18 17 17 15 13 11 10 10 10 11 12 14 16 19 21 23 23 23 22 21 21 21 21 22 21 21 21 22 23 22 20 18 16 13 11 9 8 7 6 5 4 3 2 2 1 1 0 0 0 1 2 1 1 2 4 3 1 0 2 4 7 11 14 17 18 18 18 17 17 18 18 17 14 12 9 7 7 7 8 9 10 11 12 12 12 11 10
11 7 3 7 12 15 17 18 18 17 14 13 11 11 11 10 9 10 11 12 15 18 21 23 23 23 22 21 20 18 18 17 17 19 20 22 22 20 19 17 15 13 11 10 9 7 6 5 4 3 2 2 1 1 0 0 1 1 1 1 1 3 4 2 0 1 3 5 8 12 15 16 17 17 16 16 16 15 14 11 9 7 6 7 7 8 9 9 10 10 10 10 9 9
11 8 5 7 11 15 17 18 17 16 14 13 12 12 11 10 9 8 8 8 11 14 17 19 21 21 21 19 17 14 13 12 14 16 19 20 21 20 19 18 16 14 13 11 10 9 8 7 5 4 3 2 2 1 0 0 1 1 1 1 0 2 4 3 1 0 2 4 6 9 12 14 15 15 15 14 14 13 11 9 7 6 5 5 6 7 8 9 8 8 8 8 8 7
11 8 6 7 11 14 15 16 17 16 15 14 14 13 12 10 8 7 6 6 7 9 12 15 17 18 18 16 14 11 8 9 11 14 16 18 19 20 19 18 17 16 14 13 12 11 9 8 7 6 4 3 2 1 1 0 0 1 1 2 1 1 3 3 2 1 1 3 5 7 9 12 13 14 14 13 12 11 9 8 6 5 4 3 5 6 7 7 7 7 7 7 6 6
10 8 7 8 9 11 13 14 16 16 16 16 16 15 12 10 8 7 6 5 6 7 9 11 13 14 15 14 11 9 6 6 8 11 14 16 17 18 18 18 17 17 16 14 13 12 11 10 9 8 6 4 3 2 1 0 0 0 1 2 1 1 3 3 2 2 1 1 3 5 7 9 11 12 12 11 11 9 8 7 7 6 3 2 4 5 5 5 6 6 6 5 5 5
10 9 8 8 8 8 10 12 15 17 18 18 18 17 14 10 8 6 6 5 5 6 7 9 10 12 12 12 11 9 7 5 6 9 12 14 15 16 16 16 16 16 16 15 14 13 12 11 11 9 8 6 4 2 1 0 0 0 1 1 2 2 2 2 2 2 2 0 1 3 5 6 8 9 9 9 8 7 7 7 7 7 5 3 4 4 4 4 4 5 4 4 4 5
9 9 9 9 7 6 7 10 13 16 19 20 20 18 15 11 8 7 6 6 6 7 7 8 9 10 11 11 11 11 9 7 6 7 9 11 12 14 14 15 15 15 15 15 15 14 13 12 12 11 9 8 5 3 2 1 0 0 1 1 2 2 1 1 1 2 2 2 0 1 3 4 5 6 6 6 6 6 6 6 7 8 7 5 5 5 4 3 4 4 3 4 5 6
10 10 10 10 9 6 5 7 11 16 19 21 21 20 16 12 9 7 7 7 7 7 8 8 9 10 10 11 11 11 10 9 8 7 7 8 10 11 12 13 14 14 14 14 14 14 13 13 12 12 11 9 7 5 3 2 1 0 0 1 1 1 1 0 0 1 2 3 2 0 1 2 4 4 5 5 4 5 5 6 7 8 9 8 7 5 4 4 4 4 4 5 5 5
10 11 12 12 11 10 8 8 11 16 19 22 22 21 17 13 9 8 7 7 7 8 8 8 9 9 10 10 11 12 12 11 9 8 6 6 6 8 10 11 12 12 13 13 13 13 13 13 13 12 12 10 8 6 4 3 1 1 0 1 1 1 1 1 0 0 1 2 3 2 0 1 3 4 4 4 4 4 4 5 5 6 7 8 7 5 4 4 4 4 5 5 5 4
10 11 13 14 14 14 13 13 15 18 21 22 23 21 17 13 10 8 7 6 7 7 8 8 8 7 8 9 11 12 12 12 11 9 7 5 4 5 7 9 10 10 11 11 11 11 12 12 12 12 12 11 9 7 5 3 2 1 1 0 1 1 1 1 1 0 0 2 2 2 1 1 2 3 4 4 4 3 3 4 4 5 5 5 5 5 5 5 5 5 5 5 4 3
9 11 13 14 15 17 17 18 19 21 22 23 22 20 16 12 9 7 6 6 6 7 8 7 6 6 7 8 10 12 12 13 12 11 10 8 6 5 5 7 8 9 10 10 10 10 10 11 12 12 12 11 9 7 5 4 3 1 1 0 0 1 1 1 1 1 0 1 2 2 2 2 1 2 3 4 4 4 3 3 3 4 4 4 4 5 5 5 5 4 4 4 3 2
6 9 11 13 14 16 18 19 20 22 22 22 21 18 14 11 8 6 5 5 6 7 7 6 5 5 6 7 9 11 12 13 13 13 13 11 10 8 6 6 7 8 9 9 8 8 9 11 11 12 12 11 9 7 5 4 3 2 1 1 0 0 0 1 1 1 1 1 2 2 2 2 1 1 2 4 5 4 3 3 2 2 3 3 3 3 4 3 3 3 3 2 2 1
4 7 9 10 11 14 16 17 19 20 20 19 18 15 12 9 6 5 4 5 6 7 7 6 5 5 5 6 7 9 10 12 13 14 14 14 13 11 9 6 6 7 8 8 8 8 9 11 12 13 12 11 9 7 5 4 3 2 1 1 0 0 0 1 1 1 2 2 2 2 2 2 2 1 1 2 4 5 4 3 2 2 2 2 2 2 2 2 1 2 2 2 1 1
4 7 8 8 8 9 11 13 15 16 17 15 13 11 9 7 5 4 4 6 7 7 6 6 5 5 5 5 5 6 8 10 12 13 14 15 14 13 11 8 6 6 7 8 9 8 9 11 13 13 12 11 9 6 5 4 3 2 1 1 0 0 0 0 1 1 2 2 2 1 2 2 2 1 0 1 2 4 5 4 3 2 1 1 1 1 1 1 1 1 1 1 1 1
5 9 10 9 8 7 7 9 11 12 12 11 9 8 7 7 5 4 5 6 7 7 6 6 5 5 5 5 4 5 6 7 8 10 11 12 13 13 11 9 6 5 7 8 9 9 10 11 12 12 12 11 8 6 4 3 3 2 2 1 0 0 0 0 1 1 2 2 1 1 1 2 2 1 0 0 1 2 4 4 4 3 2 2 1 1 1 1 1 1 1 1 1 1
5 8 11 11 10 9 8 8 9 10 9 8 7 7 7 7 6 5 6 7 7 7 7 6 5 5 5 6 5 5 5 5 5 5 6 8 9 10 10 9 7 5 6 8 9 9 10 11 11 11 12 11 8 6 4 3 3 2 2 1 1 0 0 1 1 1 1 1 1 1 1 1 1 1 0 0 0 1 2 3 4 4 3 2 2 1 1 1 1 1 1 1 2 2
4 7 10 12 12 12 11 11 11 10 10 9 8 8 7 7 6 6 6 7 7 7 7 6 5 5 5 6 6 6 6 5 4 2 1 2 5 7 8 8 7 5 5 7 9 9 10 10 10 10 11 11 9 6 4 3 2 2 2 1 1 1 1 1 1 1 1 1 1 1 1 1 1 1 0 0 0 0 1 2 3 4 4 3 2 2 1 1 1 1 1 2 2 2
2 5 8 11 13 13 13 13 12 11 10 10 9 9 8 8 7 7 7 8 7 7 7 6 5 5 5 6 7 7 7 8 6 5 3 1 0 3 6 6 6 4 4 6 8 9 10 9 9 9 11 11 10 7 5 3 2 2 2 2 1 1 1 1 1 1 1 1 1 1 0 1 1 1 1 0 0 0 0 1 2 3 3 3 3 2 1 1 1 1 2 2 2 2
0 3 6 9 12 13 14 14 13 12 10 9 9 8 8 8 8 7 8 8 8 8 7 7 6 6 6 6 7 7 8 9 8 7 6 4 2 1 3 5 5 4 4 5 7 8 9 9 8 9 10 11 10 8 5 3 2 2 2 2 1 1 1 1 1 1 1 1 1 1 1 0 0 1 1 0 0 0 0 0 1 2 3 3 3 2 2 1 1 2 2 2 2 1
4 1 4 7 10 13 15 15 14 13 11 10 9 8 8 9 9 8 8 9 9 8 8 7 7 6 6 7 7 7 8 9 9 8 7 5 3 1 1 4 4 3 4 5 6 7 8 8 8 9 10 10 10 8 6 4 2 2 2 2 2 1 1 1 1 1 1 1 1 1 1 0 0 1 1 0 0 0 0 1 1 1 2 3 3 3 2 1 1 2 2 1 1 1
7 3 3 6 9 12 15 16 16 15 13 11 10 9 9 9 9 8 8 8 9 9 9 9 8 8 8 7 7 7 7 7 8 8 7 6 4 3 2 4 5 4 4 5 6 7 8 8 8 9 10 10 10 8 6 4 2 2 2 2 2 2 2 1 1 1 1 0 1 1 1 1 1 0 0 0 0 0 1 1 1 1 2 2 3 3 2 2 2 2 2 1 1 1
11 7 3 5 8 11 14 16 17 17 15 14 12 11 10 10 10 9 8 8 9 10 10 10 10 10 9 9 8 7 6 6 6 7 6 6 5 5 4 5 6 6 6 6 6 7 7 8 9 9 9 9 9 8 6 4 2 2 2 2 2 2 2 2 1 1 1 0 1 1 1 1 0 0 0 0 0 0 0 0 0 0 1 1 2 3 3 3 2 2 2 2 1 1
13 9 6 4 6 9 13 16 17 18 17 15 14 13 12 11 11 10 9 9 9 10 10 11 12 12 11 10 9 8 7 6 6 6 7 7 7 7 7 6 7 8 7 7 7 7 7 8 9 9 9 8 8 7 6 4 3 2 2 2 2 2 2 2 2 2 1 0 0 0 0 0 0 0 0 0 0 0 1 1 1 0 0 0 1 2 2 3 2 2 2 2 2 2
14 11 8 5 5 8 11 14 16 17 18 17 16 15 14 13 12 11 10 10 9 10 11 12 13 13 13 12 11 10 8 7 7 7 8 8 9 9 9 7 7 8 8 8 8 8 8 8 8 8 7 7 7 7 6 5 4 3 2 2 2 2 2 2 2 2 1 1 0 0 0 1 1 1 1 1 1 1 1 2 2 2 1 1 0 1 1 1 1 1 1 1 1 1
16 13 9 6 5 7 10 14 16 17 18 18 17 16 15 14 12 11 11 10 9 9 11 12 13 14 14 14 14 12 11 9 8 8 9 10 11 10 9 7 7 7 8 7 7 7 7 7 8 7 6 5 6 6 6 5 4 3 3 2 2 2 3 2 2 2 1 1 1 1 1 2 1 1 1 2 2 2 2 2 2 2 2 2 1 0 0 0 0 0 0 0 0 0
17 13 10 8 7 8 10 13 15 17 18 18 18 17 16 14 13 11 10 10 9 9 10 11 13 14 15 16 16 15 13 11 11 11 11 12 12 11 8 6 5 6 6 6 7 7 7 7 7 6 5 4 4 5 5 4 4 4 3 3 2 2 3 3 2 2 2 1 2 2 2 2 2 2 2 2 2 2 2 2 2 2 2 2 2 0 0 0 0 0 0 0 0 0
17 14 12 10 9 9 10 13 15 16 17 18 18 18 17 15 14 12 10 10 9 8 9 10 11 13 15 17 18 17 16 15 14 14 14 14 14 11 8 4 3 3 4 5 6 6 6 6 6 5 4 3 4 4 4 4 4 4 3 3 2 2 2 2 2 2 2 2 2 2 2 2 2 2 2 2 2 2 2 2 2 1 1 2 2 1 0 0 0 0 0 0 0 0
18 15 13 12 10 10 10 12 14 15 16 17 18 18 17 16 14 12 11 10 9 8 8 9 10 12 15 17 18 19 18 18 17 17 18 18 17 14 10 6 3 1 1 3 4 5 5 5 5 4 3 3 3 4 4 3 3 3 3 3 3 2 2 2 2 2 2 2 2 2 2 2 2 2 2 2 2 2 2 2 2 2 2 2 3 1 0 0 0 0 0 0 0 0
18 16 15 13 11 10 10 12 13 14 16 17 18 18 17 17 15 13 12 11 10 10 9 9 10 11 14 16 18 19 19 19 19 19 20 21 20 18 15 11 7 4 3 3 4 4 4 4 3 3 3 3 4 4 3 3 2 2 3 3 3 2 2 2 2 2 2 2 2 2 1 1 2 2 2 2 2 2 2 2 2 2 2 2 2 1 0 0 0 0 0 0 0 0
19 17 15 14 12 11 11 12 13 14 16 17 18 18 18 18 17 15 13 12 12 11 11 10 10 11 13 15 16 17 18 18 19 20 21 23 23 22 20 17 13 10 8 6 5 5 4 3 3 3 3 3 4 4 3 2 2 2 2 2 2 2 2 2 2 2 2 2 1 1 1 2 2 2 2 2 2 1 2 2 2 2 2 2 2 1 0 0 0 0 0 0 0 0
19 17 16 15 13 12 11 12 13 14 16 17 18 18 19 19 18 17 16 15 14 13 13 12 12 12 13 14 16 17 17 18 18 20 22 23 25 25 24 21 18 15 13 11 9 7 6 5 4 4 4 3 3 3 2 1 1 1 2 2 2 2 2 2 2 2 2 1 1 1 1 2 3 2 2 2 1 1 1 2 2 2 2 2 2 1 1 0 0 0 0 0 0 0
18 17 16 15 12 11 11 12 13 14 15 16 17 17 18 19 20 19 18 17 17 16 16 15 15 14 15 15 16 16 17 17 18 20 22 23 25 26 25 23 22 19 17 15 13 10 8 7 7 6 5 5 5 4 2 1 1 1 1 1 1 2 2 2 2 2 1 1 1 1 2 2 3 2 1 1 1 1 1 2 2 2 3 2 2 1 1 0 0 0 0 0 0 0
17 17 16 14 10 7 7 9 11 12 13 15 15 16 18 19 21 21 20 20 20 19 19 18 17 17 16 16 16 16 17 17 17 19 21 23 24 25 25 24 23 22 20 19 16 14 12 11 9 8 7 7 7 5 3 2 2 2 1 1 1 1 1 1 1 1 1 1 1 2 2 3 2 1 1 0 0 0 1 2 2 2 3 2 2 1 1 0 0 0 0 0 0 0
18 18 17 14 9 3 1 5 8 9 10 12 13 14 16 19 21 22 22 22 22 21 20 20 18 18 17 17 16 16 16 16 16 18 19 21 23 24 25 24 23 22 22 21 20 18 16 14 12 11 9 8 8 6 4 3 2 2 1 1 0 1 1 1 1 1 1 1 1 2 2 2 1 0 0 1 0 0 1 1 2 2 3 2 2 1 1 0 0 0 0 0 0 0
21 21 20 17 14 10 7 5 6 7 7 8 10 12 14 17 20 22 23 23 22 21 20 19 18 17 18 17 16 16 16 15 15 16 18 20 22 23 24 23 23 22 21 21 21 19 18 16 14 13 11 10 9 7 5 3 2 2 1 1 0 1 1 1 1 0 0 1 1 1 1 1 0 0 1 1 1 0 1 1 2 3 3 2 2 1 1 0 0 0 0 0 0 0
25 25 24 22 19 17 14 10 8 7 5 4 5 9 12 15 17 20 22 22 22 21 19 17 16 16 17 17 17 16 16 15 15 16 18 19 21 22 22 22 22 21 19 19 18 18 17 16 14 13 12 11 9 8 6 4 3 2 1 1 1 1 1 1 1 0 0 0 1 1 0 0 0 1 1 1 1 0 1 1 2 3 3 3 2 1 1 0 0 0 0 0 0 0
28 27 27 25 23 22 19 16 12 8 5 1 2 5 8 12 15 18 20 20 20 19 17 16 15 15 17 17 17 17 17 17 17 17 18 20 21 21 20 20 20 19 17 16 15 14 14 13 13 13 12 11 9 8 6 4 3 2 2 1 1 1 1 1 0 0 0 0 0 0 0 0 1 1 1 1 1 0 0 1 2 3 3 3 2 1 1 0 0 0 0 0 0 0
