Sardinia/Input files/SaCurcurica/sacu_elev.txt
ncols         404
nrows         401
xllcorner     4297873.4253069
yllcorner     1923781.1087337
cellsize      25
NODATA_value  -9999
[rows 280 to 319 of 401, columns 89 to 177 of 404]
42 38 35 31 28 24 20 17 15 13 11 10 9 9 10 11 12 13 13 14 14 14 13 12 12 11 9 8 7 6 5 5 5 5 5 5 5 6 7 8 9 11 13 15 18 22 25 29 32 33 32 30 27 24 22 21 20 18 17 16 15 14 13 13 13 13 12 12 12 11 12 12 12 11 11 11 10 10 10 10 10 10 10 10 10 9 8 8 7
44 40 36 32 28 24 21 17 15 13 11 10 10 11 12 13 14 15 16 17 18 18 17 16 15 14 12 10 9 8 7 6 5 5 5 5 5 5 6 7 8 10 12 14 17 20 23 26 29 30 30 29 26 24 22 21 20 18 17 16 14 14 13 12 12 12 12 12 11 11 11 12 12 12 11 11 11 10 10 10 10 10 10 10 9 9 8 8 7
44 40 36 32 28 24 20 18 16 14 13 12 13 14 15 16 17 18 20 22 23 23 23 21 20 18 15 13 12 10 9 8 6 6 5 5 5 5 5 6 7 9 11 13 15 18 21 24 26 27 28 28 26 23 21 20 19 18 17 15 14 13 13 12 12 12 12 11 11 11 11 11 12 12 11 11 11 11 10 10 10 10 10 9 9 8 8 8 8
43 39 35 31 26 23 20 18 16 15 15 15 16 17 18 19 21 22 24 26 28 29 28 27 25 22 19 17 15 12 11 9 8 7 6 5 4 4 4 5 6 8 10 12 14 16 19 21 23 25 25 25 24 22 21 20 19 18 16 15 14 13 12 12 12 12 12 11 11 11 11 11 12 12 11 11 11 11 10 10 10 10 9 9 9 8 8 8 -9999
41 37 33 29 25 23 20 19 18 17 18 18 19 20 22 23 25 27 29 31 33 34 33 32 30 27 24 21 18 15 13 11 10 8 7 6 5 4 4 4 5 6 9 11 12 14 16 18 20 22 23 23 22 21 19 18 18 17 16 14 13 13 12 12 12 12 12 11 11 11 11 11 11 11 11 11 11 11 10 10 10 9 9 9 8 8 8 -9999 -9999
38 35 31 28 25 23 22 21 20 21 21 22 23 24 26 27 29 31 33 35 37 38 38 36 34 32 28 25 21 18 15 13 11 10 8 7 5 4 3 4 4 5 8 10 11 12 14 15 17 19 20 20 19 18 17 17 16 16 15 14 13 13 12 12 12 12 12 11 11 11 11 11 11 11 11 11 11 11 10 10 10 9 9 9 8 8 7 -9999 -9999
35 33 30 28 26 25 24 24 24 25 26 27 28 29 30 32 34 36 37 39 40 41 41 40 37 35 31 28 24 21 17 15 13 11 9 8 6 4 3 3 3 4 6 8 10 11 12 13 14 16 17 17 17 16 15 15 15 14 14 13 13 12 12 12 12 12 11 11 11 11 11 11 11 10 10 10 10 11 10 10 10 9 9 9 8 7 6 -9999 -9999
34 32 30 29 28 28 28 29 29 30 31 32 33 34 35 36 38 39 40 42 43 44 43 42 39 36 33 29 26 22 19 16 13 11 10 8 7 5 3 3 3 3 5 6 8 9 10 11 12 13 14 14 14 14 13 13 13 13 13 13 13 12 12 12 11 11 11 11 10 10 10 10 10 10 10 10 10 10 10 10 10 9 9 8 8 7 -9999 -9999 -9999
33 33 32 32 32 33 33 34 34 35 36 36 37 38 39 40 41 42 43 45 45 45 44 42 39 36 33 29 26 23 19 17 14 12 10 9 7 5 4 3 3 3 3 4 6 7 9 10 11 11 11 12 12 12 11 11 11 12 12 12 12 12 12 11 11 10 10 10 10 10 10 10 9 9 9 10 10 10 10 10 9 9 9 8 8 7 -9999 -9999 -9999
34 35 36 36 37 37 38 39 39 39 40 41 41 42 43 44 44 45 46 46 47 46 44 42 39 36 32 29 25 22 20 17 14 12 11 9 8 6 4 3 3 2 3 3 4 5 7 8 9 10 10 10 10 10 10 10 10 10 11 11 12 12 11 11 10 10 9 9 9 9 9 9 9 9 9 9 10 10 10 10 9 9 8 8 7 6 -9999 -9999 -9999
37 38 40 41 41 42 43 43 43 43 44 44 45 45 46 46 47 47 47 47 47 46 44 41 38 35 31 28 25 22 19 17 14 12 11 10 8 6 5 3 3 3 2 2 3 4 5 6 7 8 8 8 8 8 8 9 9 9 10 11 11 11 11 10 10 9 9 8 8 8 8 8 8 9 9 9 9 10 10 9 9 9 8 7 6 4 -9999 -9999 -9999
40 42 44 45 45 46 46 46 46 46 46 47 47 48 48 48 48 48 47 48 47 46 44 41 37 34 31 27 24 22 19 17 15 13 11 10 9 7 5 4 4 3 3 3 3 3 3 4 5 5 6 6 6 7 7 8 8 9 9 10 11 11 10 10 9 9 8 8 8 8 8 8 8 8 9 9 9 9 9 9 9 9 8 7 5 -9999 -9999 -9999 -9999
45 46 47 48 49 49 49 49 48 48 48 48 49 49 49 48 48 48 47 48 47 46 44 41 37 34 31 28 25 22 20 17 15 14 12 10 9 7 6 5 5 4 4 3 3 3 3 3 3 3 4 5 5 6 6 7 8 8 9 10 10 10 10 10 9 9 8 8 8 8 8 8 8 8 9 9 9 9 9 9 9 8 8 6 4 -9999 -9999 -9999 -9999
49 50 51 51 52 52 51 50 49 49 49 49 49 49 49 48 48 47 47 47 47 46 45 42 38 35 32 29 26 24 21 19 16 14 12 11 9 8 7 6 6 5 5 4 4 3 3 3 3 3 4 4 5 5 6 7 8 8 9 9 9 9 9 9 9 9 9 9 8 8 8 8 8 8 9 9 9 9 9 9 9 8 7 6 -9999 -9999 -9999 -9999 -9999
52 53 53 54 53 53 52 51 50 50 49 49 49 49 49 48 48 47 47 47 47 47 45 42 39 37 34 31 28 26 23 20 18 15 13 11 10 8 7 7 7 6 6 5 5 4 3 3 3 4 4 5 5 6 6 7 8 8 9 9 9 9 9 9 9 9 9 9 9 8 8 8 8 8 9 9 9 9 9 9 9 8 7 5 -9999 -9999 -9999 -9999 -9999
55 55 55 55 54 53 53 52 51 50 50 50 50 49 49 48 48 47 47 47 47 47 46 44 41 39 36 34 31 28 25 22 19 17 14 12 11 9 8 8 7 7 6 6 6 5 4 4 4 4 5 5 5 6 6 7 8 8 9 9 9 9 9 9 9 9 9 9 9 8 8 8 8 9 9 9 9 9 9 9 8 7 5 4 -9999 -9999 -9999 -9999 -9999
55 55 55 55 54 54 53 52 51 50 50 50 50 49 49 48 48 47 47 47 47 47 46 45 43 41 39 37 34 30 27 24 21 18 16 13 11 10 9 8 8 8 7 7 6 6 5 5 5 4 5 5 6 6 7 7 8 8 8 9 9 9 9 9 9 9 9 9 8 8 8 8 8 9 9 9 9 8 8 8 8 6 -9999 -9999 -9999 -9999 -9999 -9999 -9999
55 55 55 55 55 54 53 52 51 51 50 50 50 49 49 49 48 47 47 47 47 47 46 45 44 43 41 39 36 32 29 25 22 19 17 14 12 11 10 9 9 9 8 8 7 7 6 6 5 5 5 5 6 6 7 7 8 8 8 8 9 9 9 9 9 9 9 8 8 8 8 8 8 9 10 10 9 8 8 7 7 -9999 -9999 -9999 -9999 -9999 -9999 -9999 -9999
55 55 55 55 55 54 53 52 52 51 51 50 50 49 49 49 48 47 47 47 47 47 47 46 45 44 43 41 38 34 30 27 23 20 17 15 13 11 10 10 10 10 9 9 8 8 7 7 6 5 5 5 5 6 7 7 8 8 8 8 8 9 8 8 8 8 8 8 8 8 8 8 8 9 10 10 9 8 8 7 5 -9999 -9999 -9999 -9999 -9999 -9999 -9999 -9999
55 55 55 55 54 54 53 53 52 51 51 51 50 50 49 49 48 48 47 47 47 47 47 47 46 45 44 43 40 36 31 28 24 20 18 15 13 12 11 11 11 10 10 10 9 9 8 8 7 6 5 5 5 6 6 7 7 7 8 8 8 8 8 8 8 8 8 7 7 7 7 8 8 9 9 9 9 8 7 6 3 -9999 -9999 -9999 -9999 -9999 -9999 -9999 -9999
55 54 54 54 54 53 53 53 52 52 51 51 50 50 49 49 48 48 48 47 47 47 47 47 46 46 45 44 42 37 33 28 24 21 18 16 14 13 12 11 11 11 11 10 10 10 9 9 8 7 7 6 5 5 6 6 7 7 7 8 8 8 8 7 7 7 7 7 7 7 7 8 8 9 9 9 9 8 7 5 -9999 -9999 -9999 -9999 -9999 -9999 -9999 -9999 -9999
54 54 54 54 53 53 53 52 52 52 51 51 50 50 49 49 49 48 48 48 48 48 47 47 47 46 45 44 42 39 34 30 25 21 18 16 15 13 12 12 12 11 11 11 10 10 10 9 9 8 7 7 6 5 5 5 6 7 7 7 7 7 7 7 7 6 6 6 6 6 7 7 8 8 8 8 8 7 6 4 -9999 -9999 -9999 -9999 -9999 -9999 -9999 -9999 -9999
54 53 53 53 53 53 53 52 52 52 51 51 51 50 50 49 49 49 48 48 48 47 47 47 47 46 45 44 43 39 35 30 26 22 19 16 15 13 13 12 12 11 11 11 10 10 10 9 9 8 8 7 6 5 5 5 6 6 6 7 7 7 7 6 6 6 6 5 5 5 6 6 7 7 7 7 7 6 4 -9999 -9999 -9999 -9999 -9999 -9999 -9999 -9999 -9999 -9999
54 53 53 53 53 52 52 52 52 51 51 51 51 50 50 50 49 49 49 48 48 47 47 47 46 46 45 44 42 39 35 30 26 22 18 16 15 13 13 12 12 11 11 10 10 10 10 9 9 8 8 7 7 6 5 5 5 5 6 6 6 6 6 6 6 6 5 5 5 5 5 5 6 6 6 6 5 4 -9999 -9999 -9999 -9999 -9999 -9999 -9999 -9999 -9999 -9999 -9999
53 52 52 52 52 52 52 52 51 51 51 51 51 51 50 50 50 49 49 48 47 47 47 46 46 45 45 44 42 38 34 30 26 22 18 16 15 14 13 12 12 11 11 10 10 10 9 9 8 8 8 8 7 7 6 5 5 5 5 5 5 5 5 6 6 5 5 4 4 4 4 4 4 5 5 4 3 -9999 -9999 -9999 -9999 -9999 -9999 -9999 -9999 -9999 -9999 -9999 -9999
53 52 52 52 52 52 52 51 51 51 51 51 51 51 50 50 50 49 49 48 47 46 46 46 45 45 44 43 41 38 33 30 26 22 19 16 15 14 13 13 12 12 11 10 10 9 9 8 8 8 8 8 7 7 7 6 5 4 4 5 5 5 5 5 5 5 4 4 3 3 3 3 3 3 3 2 -9999 -9999 -9999 -9999 -9999 -9999 -9999 -9999 -9999 -9999 -9999 -9999 -9999
53 52 52 51 51 51 51 51 51 51 50 50 50 50 50 50 49 49 48 47 47 46 46 45 45 44 44 42 40 36 33 29 26 22 19 18 16 16 15 14 13 12 11 10 10 9 8 8 8 8 7 7 7 7 7 6 6 5 4 4 4 4 4 4 4 4 4 3 3 2 2 2 2 2 2 1 -9999 -9999 -9999 -9999 -9999 -9999 -9999 -9999 -9999 -9999 -9999 -9999 -9999
53 52 51 51 51 51 51 50 50 50 50 50 50 50 50 49 49 48 48 47 46 46 45 45 45 44 43 41 39 35 32 29 26 23 21 20 19 18 17 16 15 14 12 11 10 9 8 8 7 7 7 7 7 7 7 6 6 5 5 4 4 4 4 4 4 3 3 3 2 2 2 2 2 2 1 0 -9999 -9999 -9999 -9999 -9999 -9999 -9999 -9999 -9999 -9999 -9999 -9999 -9999
52 52 51 51 51 50 50 50 50 50 50 50 50 50 49 49 48 48 47 46 46 45 45 45 44 43 42 41 38 34 32 29 27 25 23 22 22 21 20 19 17 15 14 12 11 9 8 8 7 7 7 7 7 7 7 6 6 5 5 4 4 3 3 3 3 3 3 3 2 2 2 2 2 1 1 -9999 -9999 -9999 -9999 -9999 -9999 -9999 -9999 -9999 -9999 -9999 -9999 -9999 -9999
52 51 51 51 50 50 50 50 50 50 50 49 49 49 49 48 48 47 47 46 45 45 45 44 44 43 42 40 37 34 32 30 28 27 26 26 26 25 24 23 20 18 16 14 12 11 9 8 8 7 7 7 7 7 6 6 6 5 5 4 4 3 3 3 3 3 3 3 2 2 3 3 2 2 1 -9999 -9999 -9999 -9999 -9999 -9999 -9999 -9999 -9999 -9999 -9999 -9999 -9999 -9999
52 51 51 50 50 50 50 50 50 49 49 49 49 49 48 48 47 47 46 46 45 44 44 44 43 43 42 40 37 34 32 30 29 28 28 29 29 29 28 27 24 21 18 16 14 13 11 10 9 8 8 7 7 6 6 6 5 5 5 4 3 3 4 4 3 3 3 3 4 4 4 4 3 2 1 -9999 -9999 -9999 -9999 -9999 -9999 -9999 -9999 -9999 -9999 -9999 -9999 -9999 -9999
52 51 51 50 50 50 50 50 49 49 49 49 48 48 48 47 47 47 46 46 45 44 44 44 43 42 41 40 38 34 32 31 30 29 30 31 33 33 32 31 28 24 21 19 16 14 12 11 10 9 8 8 7 7 6 6 5 5 5 4 4 4 5 5 5 5 5 5 6 6 6 5 4 2 -9999 -9999 -9999 -9999 -9999 -9999 -9999 -9999 -9999 -9999 -9999 -9999 -9999 -9999 -9999
52 51 50 50 50 50 50 50 49 49 49 48 48 48 47 47 47 46 46 45 44 44 44 43 42 42 41 40 37 34 33 31 30 31 32 34 35 36 36 34 31 28 25 22 19 16 14 12 11 10 9 9 8 8 7 7 6 6 6 6 6 6 7 7 7 7 8 8 8 8 8 7 4 1 -9999 -9999 -9999 -9999 -9999 -9999 -9999 -9999 -9999 -9999 -9999 -9999 -9999 -9999 -9999
52 51 51 50 50 50 50 50 49 49 49 48 48 48 47 47 46 46 45 45 44 43 43 43 42 41 40 39 37 35 33 32 31 31 33 35 37 38 38 37 35 31 28 24 21 18 15 13 12 11 10 10 10 10 9 9 9 8 8 8 8 8 8 9 9 10 10 10 10 10 9 8 4 0 -9999 -9999 -9999 -9999 -9999 -9999 -9999 -9999 -9999 -9999 -9999 -9999 -9999 -9999 -9999
52 52 51 50 50 50 50 50 50 49 49 49 48 48 47 47 46 45 45 44 43 42 42 42 41 41 40 39 37 35 33 32 31 32 34 37 39 40 40 39 37 34 30 27 23 19 17 14 13 12 12 12 12 12 12 12 11 11 10 10 10 10 10 11 11 12 12 12 11 11 10 8 5 -9999 -9999 -9999 -9999 -9999 -9999 -9999 -9999 -9999 -9999 -9999 -9999 -9999 -9999 -9999 -9999
53 52 51 50 50 50 50 50 50 50 49 49 48 48 47 46 46 45 44 43 42 42 42 41 41 41 40 38 37 35 33 32 32 33 36 38 40 41 41 41 39 36 32 29 25 21 18 16 14 13 13 13 14 14 14 14 14 13 12 12 11 12 12 13 13 14 14 13 13 12 11 8 5 -9999 -9999 -9999 -9999 -9999 -9999 -9999 -9999 -9999 -9999 -9999 -9999 -9999 -9999 -9999 -9999
53 52 52 51 51 51 51 51 50 50 49 49 48 48 47 46 45 44 43 43 42 41 41 41 41 40 39 38 37 35 34 33 33 35 37 39 40 41 41 41 40 37 34 31 27 23 20 17 15 15 15 15 16 16 17 17 16 15 14 14 14 14 15 15 16 16 15 15 14 12 10 8 -9999 -9999 -9999 -9999 -9999 -9999 -9999 -9999 -9999 -9999 -9999 -9999 -9999 -9999 -9999 -9999 -9999
53 53 52 51 51 51 51 51 50 50 49 49 48 48 47 46 45 44 44 43 42 42 41 41 41 41 39 38 37 36 35 35 35 36 38 40 41 41 42 42 41 38 35 32 28 25 22 19 17 17 17 17 18 18 19 19 19 18 17 16 16 17 17 17 17 17 16 15 13 11 9 8 -9999 -9999 -9999 -9999 -9999 -9999 -9999 -9999 -9999 -9999 -9999 -9999 -9999 -9999 -9999 -9999 -9999
54 53 53 52 52 52 51 51 51 50 50 49 48 48 47 47 46 45 44 43 42 42 42 42 41 41 40 38 37 37 36 36 37 38 39 40 41 41 42 42 41 39 36 33 30 26 23 21 19 19 19 19 20 21 21 22 21 20 19 19 19 19 19 18 17 16 15 13 12 10 8 6 -9999 -9999 -9999 -9999 -9999 -9999 -9999 -9999 -9999 -9999 -9999 -9999 -9999 -9999 -9999 -9999 -9999
54 54 53 53 52 52 52 51 51 51 50 49 48 48 48 47 46 45 44 44 43 43 42 42 42 41 40 39 38 37 38 38 39 39 40 41 42 42 42 42 42 39 36 33 31 28 25 23 22 21 21 21 22 23 24 24 24 23 23 22 22 21 20 18 17 15 14 12 10 9 -9999 -9999 -9999 -9999 -9999 -9999 -9999 -9999 -9999 -9999 -9999 -9999 -9999 -9999 -9999 -9999 -9999 -9999 -9999
